#1
float Input_Conc_Feed1_ADM1(7,17)
0	38.00	26.42	97.71	1.50	4529	12651	128	1401	362	43.6	136.4	15.6	31.6	5.28	2739	58.5
14	28.82	21.42	99.15	1.22	4542	16990	128	934	266	24.6	79.7	7.18	16.6	5.27	2123	49.4
21	29.80	22.07	95.34	1.27	3991	13804	128	1042	314	30.7	99.7	13.2	25.5	5.40	2231	68.0
33	28.62	21.45	93.74	1.04	3698	12058	128	826	200	27.2	56.5	0.0	11.8	5.61	2127	44.8
40	38.59	27.99	99.81	1.21	4834	15675	128	874	209	25.1	56.2	0.0	12.5	5.53	2870	47.0
46	38.59	27.99	99.81	1.21	4834	15675	128	874	209	25.1	56.2	0.0	12.5	5.53	2870	47.0
732	38.59	27.99	99.81	1.21	4834	15675	128	874	209	25.1	56.2	0.0	12.5	5.53	2870	47.0

