#1
float Input_MaizeSilage(6,31)
0	37	346	96.5	4.3	2000	764	0	0.007	0.013	10.7	0.42	0.16	0.02	0.0	0.0	0.0	0.0	0.0	0 6.9 2.6 84.2 0 0 0 0 0 0 0 0
180	37	250	97	4.18	160	0	0	0	0	10.72	7.701	7.234	0	0	0	0	0	0	0	19.5	10	67.5	0 0 0 0 0 0 0 0
270	37	346	96.5	4.3	2000	764	0	0.007	0.013	10.7	0.42	0.16	0.02	0.0	0.0	0.0	0.0	0.0	0 6.9 2.6 84.2 0 0 0 0 0 0 0 0
545	37	250	97	4.18	160	0	0	0	0	10.72	7.701	7.234	0	0	0	0	0	0	0	19.5	10	67.5	0 0 0 0 0 0 0 0
635	37	346	96.5	4.3	2000	764	0	0.007	0.013	10.7	0.42	0.16	0.02	0.0	0.0	0.0	0.0	0.0	0 6.9 2.6 84.2 0 0 0 0 0 0 0 0
732	37	346	96.5	4.3	2000	764	0	0.007	0.013	10.7	0.42	0.16	0.02	0.0	0.0	0.0	0.0	0.0	0 6.9 2.6 84.2 0 0 0 0 0 0 0 0


