#1	
float Flowrates(121,3)
0	0	0
165000.00	183	730
165300.00	1.00E-10	1.00E-10
767700.00	183	730
768000.00	1.00E-10	1.00E-10
1044900.00	122	486
1045200.00	1.00E-10	1.00E-10
1216800.00	122	486
1217100.00	1.00E-10	1.00E-10
1369800.00	183	730
1370100.00	1.00E-10	1.00E-10
1639800.00	122	486
1640100.00	1.00E-10	1.00E-10
1812600.00	122	486
1812900.00	1.00E-10	1.00E-10
1987200.00	183	730
1987500.00	1.00E-10	1.00E-10
2239200.00	122	486
2239500.00	1.00E-10	1.00E-10
2408400.00	122	486
2408700.00	1.00E-10	1.00E-10
2599800.00	183	730
2600100.00	1.00E-10	1.00E-10
2851200.00	122	486
2851500.00	1.00E-10	1.00E-10
3024000.00	122	486
3024300.00	1.00E-10	1.00E-10
3199200.00	91.5	365
3199500.00	1.00E-10	1.00E-10
3466800.00	61	243
3467100.00	1.00E-10	1.00E-10
3627000.00	122	486
3627300.00	1.00E-10	1.00E-10
4055700.00	122	0
4056000.00	1.00E-10	1.00E-10
4056600.00	0	486
4056900.00	1.00E-10	1.00E-10
4231800.00	122	486
4232100.00	1.00E-10	1.00E-10
4406400.00	183	730
4406700.00	1.00E-10	1.00E-10
4662000.00	122	486
4662300.00	1.00E-10	1.00E-10
4833000.00	122	486
4833300.00	1.00E-10	1.00E-10
5023800.00	183	730
5024100.00	1.00E-10	1.00E-10
6480000.00	122	486
6480300.00	1.00E-10	1.00E-10
6642000.00	122	486
6642300.00	1.00E-10	1.00E-10
6817800.00	183	730
6818100.00	1.00E-10	1.00E-10
7075800.00	122	486
7076100.00	1.00E-10	1.00E-10
7250400.00	122	486
7250700.00	1.00E-10	1.00E-10
7428600.00	122	700
7428900.00	1.00E-10	1.00E-10
7681440.00	64	486
7681740.00	1.00E-10	1.00E-10
7862400.00	64	486
7862700.00	1.00E-10	1.00E-10
8048700.00	93	730
8049000.00	1.00E-10	1.00E-10
8288100.00	64	486
8288400.00	1.00E-10	1.00E-10
8467200.00	64	486
8467500.00	1.00E-10	1.00E-10
8634600.00	96	730
8634900.00	1.00E-10	1.00E-10
8900100.00	70	462
8900400.00	1.00E-10	1.00E-10
9079200.00	74	446
9079500.00	1.00E-10	1.00E-10
9256500.00	116.8764706	647.2352941
9256800.00	1.00E-10	1.00E-10
9499500.00	83.88235294	407.1764706
9499800.00	1.00E-10	1.00E-10
9684000.00	87.85882353	391.4117647
9684300.00	1.00E-10	1.00E-10
9858600.00	137.7529412	564.4705882
9858900.00	1.00E-10	1.00E-10
10116000.00	97.8	352
10116300.00	1.00E-10	1.00E-10
10282500.00	97.8	352
10282800.00	1.00E-10	1.00E-10
10461600.00	146.7	529
10461900.00	1.00E-10	1.00E-10
10718400.00	97.8	352
10718700.00	1.00E-10	1.00E-10
10893600.00	97.8	352
10893900.00	1.00E-10	1.00E-10
11073600.00	146.7	529
11073900.00	1.00E-10	1.00E-10
11313000.00	97.8	352
11313300.00	1.00E-10	1.00E-10
11503800.00	97.8	352
11504100.00	1.00E-10	1.00E-10
11674800.00	146.7	529
11675100.00	1.00E-10	1.00E-10
11917800.00	97.8	352
11918100.00	1.00E-10	1.00E-10
12096000.00	97.8	352
12096300.00	1.00E-10	1.00E-10
12268800.00	146.7	529
12269100.00	1.00E-10	1.00E-10
12533400.00	97.8	352
12533700.00	1.00E-10	1.00E-10
12699000.00	0	0.5208333333333333
13131000.00	0	1.0416666666666665
13563000.00	0	1.736111111111111
13995000.00	0	1.0416666666666665
14427000.00	0.06944444444444445	1.0416666666666665
14859000.00	0.1388888888888889	1.0416666666666665
15291000.00	0.20833333333333334	1.0416666666666665
15723000.00	0.20833333333333334	1.0416666666666665
16155000.00	0.25	1.25
16587000.00	0.1388888888888889	0.5208333333333333
17019000.00	0.21180555555555555	0.84375
19008000.00	0.21180555555555555	0.84375
