#1	
float Methane_setpoint(2184,2)
0	0.316360595
1	0.316552976
2	0.316744657
3	0.316909405
4	0.317049414
5	0.317160256
6	0.317253432
7	0.317330672
8	0.317397408
9	0.317454925
10	0.317507984
11	0.317553477
12	0.317592067
13	0.317624789
14	0.317652736
15	0.317676031
16	0.317695659
17	0.317712022
18	0.317725361
19	0.317736248
20	0.317744736
21	0.317751291
22	0.317756039
23	0.317759199
24	0.317760942
25	0.317761449
26	0.317760882
27	0.317759326
28	0.31775687
29	0.317753651
30	0.317749701
31	0.317745144
32	0.31774004
33	0.317734428
34	0.317728389
35	0.317721943
36	0.317715163
37	0.317708071
38	0.31770071
39	0.317693117
40	0.317685308
41	0.317677324
42	0.317669179
43	0.317660898
44	0.317652504
45	0.317644008
46	0.31763543
47	0.317626787
48	0.31761809
49	0.317609354
50	0.317600587
51	0.317591804
52	0.317583011
53	0.317574214
54	0.317565424
55	0.317556646
56	0.317547888
57	0.317539156
58	0.317530454
59	0.317521787
60	0.317513159
61	0.317504575
62	0.317496038
63	0.317487551
64	0.317479118
65	0.317470739
66	0.317462419
67	0.31745416
68	0.317445962
69	0.317437828
70	0.317429759
71	0.317421756
72	0.317413821
73	0.317405954
74	0.317398157
75	0.317390429
76	0.317382772
77	0.317375186
78	0.317367672
79	0.317360229
80	0.317352858
81	0.317345559
82	0.317338332
83	0.317331177
84	0.317324094
85	0.317317082
86	0.317310143
87	0.317303274
88	0.317296477
89	0.317289751
90	0.317283095
91	0.317276509
92	0.317269993
93	0.317263546
94	0.317257167
95	0.317250858
96	0.317244616
97	0.317238441
98	0.317232333
99	0.317226291
100	0.317220315
101	0.317214404
102	0.317208558
103	0.317202776
104	0.317197057
105	0.317191401
106	0.317185807
107	0.317180274
108	0.317174803
109	0.317169392
110	0.317164041
111	0.317158749
112	0.317153516
113	0.31714834
114	0.317143222
115	0.317138161
116	0.317133156
117	0.317128207
118	0.317123313
119	0.317118473
120	0.317113687
121	0.317108954
122	0.317104273
123	0.317099645
124	0.317095068
125	0.317090543
126	0.317086067
127	0.317081641
128	0.317077265
129	0.317072937
130	0.317068658
131	0.317064426
132	0.317060241
133	0.317056102
134	0.31705201
135	0.317047963
136	0.317043961
137	0.317040003
138	0.317036089
139	0.317032219
140	0.317028392
141	0.317024607
142	0.317020864
143	0.317017163
144	0.317013503
145	0.317009883
146	0.317006304
147	0.317002764
148	0.316999263
149	0.316995801
150	0.316992377
151	0.316988991
152	0.316985643
153	0.316982331
154	0.316979056
155	0.316975817
156	0.316972614
157	0.316969446
158	0.316966314
159	0.316963215
160	0.316960151
161	0.31695712
162	0.316954123
163	0.316951159
164	0.316948228
165	0.316945328
166	0.316942461
167	0.316939625
168	0.31693682
169	0.316934046
170	0.316931302
171	0.316928589
172	0.316925905
173	0.316923251
174	0.316920625
175	0.316918029
176	0.31691546
177	0.31691292
178	0.316910408
179	0.316907923
180	0.316905465
181	0.316903035
182	0.31690063
183	0.316898252
184	0.3168959
185	0.316893573
186	0.316891272
187	0.316888996
188	0.316886745
189	0.316884518
190	0.316882315
191	0.316880136
192	0.316877981
193	0.31687585
194	0.316873741
195	0.316871656
196	0.316869593
197	0.316867552
198	0.316865534
199	0.316863538
200	0.316861563
201	0.316859609
202	0.316857677
203	0.316855765
204	0.316853875
205	0.316852004
206	0.316850154
207	0.316848324
208	0.316846514
209	0.316844723
210	0.316842951
211	0.316841199
212	0.316839465
213	0.316837751
214	0.316836054
215	0.316834376
216	0.316832716
217	0.316831074
218	0.31682945
219	0.316827843
220	0.316826253
221	0.31682468
222	0.316823124
223	0.316821585
224	0.316820062
225	0.316818556
226	0.316817066
227	0.316815592
228	0.316814133
229	0.31681269
230	0.316811263
231	0.316809851
232	0.316808454
233	0.316807072
234	0.316805704
235	0.316804352
236	0.316803013
237	0.316801693
238	0.316800393
239	0.316799101
240	0.316797819
241	0.31679655
242	0.316795295
243	0.316794053
244	0.316792824
245	0.316791609
246	0.316790406
247	0.316789216
248	0.316788038
249	0.316786873
250	0.316785721
251	0.31678458
252	0.316783452
253	0.316782336
254	0.316781231
255	0.316780138
256	0.316779057
257	0.316777987
258	0.316776928
259	0.31677588
260	0.316774844
261	0.316773818
262	0.316772804
263	0.316771799
264	0.316770806
265	0.316769823
266	0.31676885
267	0.316767887
268	0.316766935
269	0.316765992
270	0.316765059
271	0.316764136
272	0.316763223
273	0.316762319
274	0.316761425
275	0.31676054
276	0.316759664
277	0.316758798
278	0.31675794
279	0.316757092
280	0.316756252
281	0.316755421
282	0.316754598
283	0.316753784
284	0.316752979
285	0.316752182
286	0.316751393
287	0.316750612
288	0.316749839
289	0.316749075
290	0.316748318
291	0.316747569
292	0.316746828
293	0.316746094
294	0.316745368
295	0.31674465
296	0.316743938
297	0.316743234
298	0.316742538
299	0.316741848
300	0.316741166
301	0.31674049
302	0.316739822
303	0.31673916
304	0.316738505
305	0.316737856
306	0.316737215
307	0.31673658
308	0.316735951
309	0.316735329
310	0.316734713
311	0.316734103
312	0.316733499
313	0.316732902
314	0.31673231
315	0.316731725
316	0.316731145
317	0.316730572
318	0.316730004
319	0.316729441
320	0.316728885
321	0.316728334
322	0.316727788
323	0.316727248
324	0.316726714
325	0.316726185
326	0.316725661
327	0.316725142
328	0.316724628
329	0.31672412
330	0.316723617
331	0.316723118
332	0.316722625
333	0.316722136
334	0.316721653
335	0.316721174
336	0.3167207
337	0.31672023
338	0.316719765
339	0.316719305
340	0.316718849
341	0.316718398
342	0.316717951
343	0.316717509
344	0.31671707
345	0.316716637
346	0.316716207
347	0.316715781
348	0.31671536
349	0.316714943
350	0.31671453
351	0.316714121
352	0.316713715
353	0.316713314
354	0.316712917
355	0.316712523
356	0.316712133
357	0.316711747
358	0.316711365
359	0.316710986
360	0.316710611
361	0.31671024
362	0.316709872
363	0.316709507
364	0.316709146
365	0.316708789
366	0.316708435
367	0.316708084
368	0.316707736
369	0.316707392
370	0.316707051
371	0.316706714
372	0.316706379
373	0.316706048
374	0.316705719
375	0.316705394
376	0.316705072
377	0.316704753
378	0.316704436
379	0.316704123
380	0.316703813
381	0.316703505
382	0.3167032
383	0.316702899
384	0.3167026
385	0.316702303
386	0.31670201
387	0.316701719
388	0.31670143
389	0.316701145
390	0.316700862
391	0.316700581
392	0.316700303
393	0.316700028
394	0.316699755
395	0.316699484
396	0.316699216
397	0.316698951
398	0.316698688
399	0.316698427
400	0.316698168
401	0.316697912
402	0.316697658
403	0.316697406
404	0.316697157
405	0.316696909
406	0.316696664
407	0.316696421
408	0.316696181
409	0.316695942
410	0.316695705
411	0.316695471
412	0.316695238
413	0.316695008
414	0.316694779
415	0.316694553
416	0.316694328
417	0.316694106
418	0.316693885
419	0.316693666
420	0.316693449
421	0.316693234
422	0.316693021
423	0.316692809
424	0.3166926
425	0.316692392
426	0.316692186
427	0.316691981
428	0.316691779
429	0.316691578
430	0.316691378
431	0.316691181
432	0.316690985
433	0.31669079
434	0.316690598
435	0.316690407
436	0.316690217
437	0.316690029
438	0.316689842
439	0.316689657
440	0.316689474
441	0.316689292
442	0.316689111
443	0.316688932
444	0.316688755
445	0.316688578
446	0.316688404
447	0.31668823
448	0.316688058
449	0.316687888
450	0.316687718
451	0.31668755
452	0.316687384
453	0.316687219
454	0.316687055
455	0.316686892
456	0.31668673
457	0.31668657
458	0.316686411
459	0.316686253
460	0.316686097
461	0.316685942
462	0.316685787
463	0.316685634
464	0.316685483
465	0.316685332
466	0.316685182
467	0.316685034
468	0.316684887
469	0.316684741
470	0.316684596
471	0.316684452
472	0.316684309
473	0.316684167
474	0.316684026
475	0.316683887
476	0.316683749
477	0.316683611
478	0.316683474
479	0.316683339
480	0.316683204
481	0.31668307
482	0.316682937
483	0.316682805
484	0.316682674
485	0.316682545
486	0.316682416
487	0.316682288
488	0.316682161
489	0.316682035
490	0.31668191
491	0.316681785
492	0.316681662
493	0.316681539
494	0.316681417
495	0.316681296
496	0.316681176
497	0.316681056
498	0.316680938
499	0.31668082
500	0.316680702
501	0.316680586
502	0.31668047
503	0.316680356
504	0.316680241
505	0.316680128
506	0.316680016
507	0.316679904
508	0.316679793
509	0.316679682
510	0.316679573
511	0.316679464
512	0.316679355
513	0.316679248
514	0.316679141
515	0.316679035
516	0.316678929
517	0.316678824
518	0.31667872
519	0.316678617
520	0.316678514
521	0.316678412
522	0.31667831
523	0.316678209
524	0.316678109
525	0.316678009
526	0.31667791
527	0.316677811
528	0.316677714
529	0.316677616
530	0.31667752
531	0.316677423
532	0.316677328
533	0.316677233
534	0.316677138
535	0.316677045
536	0.316676951
537	0.316676859
538	0.316676766
539	0.316676675
540	0.316676583
541	0.316676493
542	0.316676403
543	0.316676313
544	0.316676224
545	0.316676135
546	0.316676047
547	0.31667596
548	0.316675873
549	0.316675786
550	0.3166757
551	0.316675614
552	0.316675529
553	0.316675445
554	0.31667536
555	0.316675277
556	0.316675193
557	0.31667511
558	0.316675028
559	0.316674946
560	0.316674864
561	0.316674783
562	0.316674703
563	0.316674622
564	0.316674543
565	0.316674463
566	0.316674384
567	0.316674306
568	0.316674227
569	0.31667415
570	0.316674072
571	0.316673995
572	0.316673919
573	0.316673842
574	0.316673767
575	0.316673691
576	0.316673616
577	0.316673541
578	0.316673467
579	0.316673393
580	0.316673319
581	0.316673246
582	0.316673173
583	0.316673101
584	0.316673028
585	0.316672957
586	0.316672885
587	0.316672814
588	0.316672743
589	0.316672673
590	0.316672603
591	0.316672533
592	0.316672463
593	0.316672394
594	0.316672325
595	0.316672257
596	0.316672188
597	0.31667212
598	0.316672053
599	0.316671986
600	0.316671919
601	0.316671852
602	0.316671785
603	0.316671719
604	0.316671653
605	0.316671588
606	0.316671523
607	0.316671458
608	0.316671393
609	0.316671329
610	0.316671265
611	0.316671201
612	0.316671137
613	0.316671077
614	0.316671282
615	0.316672321
616	0.316674395
617	0.316678099
618	0.316683935
619	0.316692063
620	0.31670306
621	0.316716972
622	0.31673415
623	0.316754808
624	0.31677908
625	0.316807128
626	0.316839028
627	0.316874898
628	0.316914775
629	0.316958717
630	0.31700677
631	0.317058947
632	0.317115271
633	0.317175745
634	0.317240365
635	0.317309121
636	0.317381998
637	0.317458971
638	0.317540022
639	0.317625107
640	0.31771421
641	0.317807275
642	0.31790428
643	0.318005176
644	0.318110073
645	0.318220472
646	0.318334122
647	0.318451459
648	0.318571106
649	0.318694368
650	0.318821192
651	0.318951541
652	0.319085366
653	0.319222788
654	0.319365218
655	0.319509972
656	0.319658164
657	0.319811121
658	0.319965497
659	0.320124443
660	0.320284759
661	0.320449024
662	0.32061491
663	0.320783674
664	0.320955577
665	0.321131824
666	0.321310395
667	0.32149198
668	0.321675454
669	0.321860992
670	0.322049186
671	0.322240003
672	0.322433401
673	0.322629336
674	0.322827762
675	0.323028661
676	0.323231975
677	0.323437686
678	0.323645739
679	0.323856115
680	0.324068764
681	0.324283661
682	0.324500764
683	0.324720046
684	0.324941467
685	0.325165001
686	0.325390614
687	0.325618274
688	0.325847944
689	0.3260796
690	0.326313208
691	0.326548743
692	0.326786172
693	0.327025469
694	0.327266604
695	0.327509552
696	0.327754287
697	0.328000779
698	0.328248998
699	0.328498925
700	0.328750529
701	0.329003792
702	0.329258683
703	0.329515184
704	0.329773264
705	0.330032908
706	0.330294086
707	0.330556781
708	0.330820965
709	0.331086624
710	0.331353734
711	0.33162227
712	0.331892212
713	0.332163544
714	0.332436243
715	0.332710291
716	0.332985669
717	0.333262357
718	0.333540338
719	0.333819591
720	0.334100104
721	0.334381852
722	0.334664825
723	0.334949
724	0.335234363
725	0.335520896
726	0.335808585
727	0.336097412
728	0.336387363
729	0.336678424
730	0.336970576
731	0.337263809
732	0.337558104
733	0.337853452
734	0.338149835
735	0.33844724
736	0.338745651
737	0.339045059
738	0.339345449
739	0.339646807
740	0.339949123
741	0.340252382
742	0.340556575
743	0.340861686
744	0.341167707
745	0.341474624
746	0.341782425
747	0.342091101
748	0.342400638
749	0.34271103
750	0.343022261
751	0.343334324
752	0.343647207
753	0.3439609
754	0.344275396
755	0.34459068
756	0.344906747
757	0.345223585
758	0.345541186
759	0.34585954
760	0.346178637
761	0.346498471
762	0.346819031
763	0.347140309
764	0.347462297
765	0.347784985
766	0.348108368
767	0.348432435
768	0.34875718
769	0.349082595
770	0.349408671
771	0.349735403
772	0.35006278
773	0.350390798
774	0.350719449
775	0.351048725
776	0.351378621
777	0.351709128
778	0.35204024
779	0.352371952
780	0.352704256
781	0.353037146
782	0.353370616
783	0.353704658
784	0.354039268
785	0.35437444
786	0.354710167
787	0.355046444
788	0.355383264
789	0.355720624
790	0.356058516
791	0.356396936
792	0.356735878
793	0.357075337
794	0.357415308
795	0.357755785
796	0.358096764
797	0.358438239
798	0.358780207
799	0.35912266
800	0.359465597
801	0.359809011
802	0.360152897
803	0.360497253
804	0.360842072
805	0.361187351
806	0.361533085
807	0.36187927
808	0.362225902
809	0.362572976
810	0.362920489
811	0.363268436
812	0.363616815
813	0.363965619
814	0.364314847
815	0.364664493
816	0.365014556
817	0.365365029
818	0.36571591
819	0.366067196
820	0.366418882
821	0.366770966
822	0.367123443
823	0.367476311
824	0.367829566
825	0.368183205
826	0.368537224
827	0.368891621
828	0.369246391
829	0.369601533
830	0.369957042
831	0.370312916
832	0.370669152
833	0.371025746
834	0.371382697
835	0.37174
836	0.372097652
837	0.372455652
838	0.372813997
839	0.373172683
840	0.373531707
841	0.373891068
842	0.374250762
843	0.374610786
844	0.374971139
845	0.375331817
846	0.375692817
847	0.376054138
848	0.376415777
849	0.376777732
850	0.377139999
851	0.377502576
852	0.377865461
853	0.378228652
854	0.378592146
855	0.378955942
856	0.379320035
857	0.379684425
858	0.380049109
859	0.380414084
860	0.380779349
861	0.381144901
862	0.381510738
863	0.381876858
864	0.382243259
865	0.382609939
866	0.382976894
867	0.383344124
868	0.383711627
869	0.384079399
870	0.38444744
871	0.384815746
872	0.385184316
873	0.385553149
874	0.385922242
875	0.386291592
876	0.386661199
877	0.387031059
878	0.387401172
879	0.387771535
880	0.388142146
881	0.388513004
882	0.388884106
883	0.389255451
884	0.389627036
885	0.38999886
886	0.390370921
887	0.390743218
888	0.391115747
889	0.391488509
890	0.391861499
891	0.392234718
892	0.392608162
893	0.392981831
894	0.393355722
895	0.393729834
896	0.394104165
897	0.394478713
898	0.394853476
899	0.395228453
900	0.395603642
901	0.39597904
902	0.396354648
903	0.396730462
904	0.397106481
905	0.397482703
906	0.397859127
907	0.39823575
908	0.398612572
909	0.39898959
910	0.399366803
911	0.399744209
912	0.400121806
913	0.400499593
914	0.400877568
915	0.401255729
916	0.401634075
917	0.402012603
918	0.402391313
919	0.402770203
920	0.403149271
921	0.403528515
922	0.403907934
923	0.404287525
924	0.404667288
925	0.405047221
926	0.405427322
927	0.405807589
928	0.406188021
929	0.406568616
930	0.406949373
931	0.407330289
932	0.407711364
933	0.408092595
934	0.40847398
935	0.40885552
936	0.40923721
937	0.409619051
938	0.41000104
939	0.410383176
940	0.410765457
941	0.411147881
942	0.411530447
943	0.411913153
944	0.412295997
945	0.412678978
946	0.413062095
947	0.413445345
948	0.413828727
949	0.414212236
950	0.414595634
951	0.414978504
952	0.415360378
953	0.41574077
954	0.41611927
955	0.416495516
956	0.416869196
957	0.417240045
958	0.41760784
959	0.417972386
960	0.418333535
961	0.418691141
962	0.419045107
963	0.419395347
964	0.419741787
965	0.420084377
966	0.420423078
967	0.420757864
968	0.421088717
969	0.42141563
970	0.421738603
971	0.422057642
972	0.422372761
973	0.422683977
974	0.422991313
975	0.423294791
976	0.423594442
977	0.423890298
978	0.42418239
979	0.424470755
980	0.424755428
981	0.425036445
982	0.425313847
983	0.425587673
984	0.42585796
985	0.426124752
986	0.426388087
987	0.426648004
988	0.426904546
989	0.427157751
990	0.427407659
991	0.42765431
992	0.427897743
993	0.428137996
994	0.428375109
995	0.428609119
996	0.428840064
997	0.42906798
998	0.429292905
999	0.429514872
1000	0.42973392
1001	0.429950081
1002	0.430163391
1003	0.430373883
1004	0.430581589
1005	0.430786543
1006	0.430988778
1007	0.431188323
1008	0.431385209
1009	0.43157947
1010	0.431771132
1011	0.431960227
1012	0.432146783
1013	0.432330829
1014	0.432512392
1015	0.4326915
1016	0.432868179
1017	0.433042457
1018	0.43321436
1019	0.433383913
1020	0.433551142
1021	0.433716071
1022	0.433878725
1023	0.434039129
1024	0.434197306
1025	0.43435328
1026	0.434507073
1027	0.434658709
1028	0.434808209
1029	0.434955596
1030	0.435100891
1031	0.435244117
1032	0.435385293
1033	0.435524442
1034	0.435661583
1035	0.435796739
1036	0.435929927
1037	0.436061169
1038	0.436190484
1039	0.43631789
1040	0.436443408
1041	0.436567056
1042	0.436688853
1043	0.436808818
1044	0.436926969
1045	0.437043323
1046	0.437157898
1047	0.437270715
1048	0.437381788
1049	0.437491137
1050	0.437598777
1051	0.437704726
1052	0.437809
1053	0.437911618
1054	0.438012596
1055	0.438111949
1056	0.438209694
1057	0.438305847
1058	0.438400425
1059	0.438493444
1060	0.438584919
1061	0.438674867
1062	0.438763302
1063	0.438850239
1064	0.438935696
1065	0.439019686
1066	0.439102225
1067	0.439183329
1068	0.439263012
1069	0.439341287
1070	0.439418172
1071	0.43949368
1072	0.439567826
1073	0.439640625
1074	0.439712091
1075	0.439782237
1076	0.439851079
1077	0.439918631
1078	0.439984907
1079	0.44004992
1080	0.440113684
1081	0.440176214
1082	0.440237524
1083	0.440297627
1084	0.440356536
1085	0.440414265
1086	0.440470828
1087	0.440526238
1088	0.440580508
1089	0.440633653
1090	0.440685684
1091	0.440736615
1092	0.440786459
1093	0.440835228
1094	0.440882937
1095	0.440929598
1096	0.440975224
1097	0.441019827
1098	0.44106342
1099	0.441106016
1100	0.441147628
1101	0.441188266
1102	0.441227946
1103	0.441266677
1104	0.441304473
1105	0.441341346
1106	0.441377308
1107	0.441412371
1108	0.441446548
1109	0.441479849
1110	0.441512287
1111	0.441543874
1112	0.441574622
1113	0.441604541
1114	0.441633645
1115	0.441661943
1116	0.441689448
1117	0.441716171
1118	0.441742123
1119	0.441767316
1120	0.441791761
1121	0.441815469
1122	0.441838451
1123	0.441860717
1124	0.44188228
1125	0.441903149
1126	0.441923335
1127	0.441942849
1128	0.441961702
1129	0.441979903
1130	0.441997465
1131	0.442014396
1132	0.442030707
1133	0.442046409
1134	0.442061511
1135	0.442076023
1136	0.442089956
1137	0.44210332
1138	0.442116123
1139	0.442128376
1140	0.442140089
1141	0.442151271
1142	0.442161931
1143	0.442172079
1144	0.442181725
1145	0.442190877
1146	0.442199545
1147	0.442207737
1148	0.442215464
1149	0.442222733
1150	0.442229553
1151	0.442235933
1152	0.442241882
1153	0.442247409
1154	0.442252521
1155	0.442257228
1156	0.442261537
1157	0.442265457
1158	0.442268996
1159	0.442272162
1160	0.442274962
1161	0.442277406
1162	0.442279499
1163	0.442281251
1164	0.442282669
1165	0.44228376
1166	0.442284532
1167	0.442284992
1168	0.442285147
1169	0.442285005
1170	0.442284573
1171	0.442283857
1172	0.442282865
1173	0.442281603
1174	0.442280078
1175	0.442278297
1176	0.442276266
1177	0.442273991
1178	0.442271481
1179	0.442268739
1180	0.442265773
1181	0.442262589
1182	0.442259193
1183	0.44225559
1184	0.442251787
1185	0.44224779
1186	0.442243603
1187	0.442239234
1188	0.442234687
1189	0.442229967
1190	0.44222508
1191	0.442220032
1192	0.442214828
1193	0.442209472
1194	0.44220397
1195	0.442198327
1196	0.442192547
1197	0.442186636
1198	0.442180598
1199	0.442174437
1200	0.442168159
1201	0.442161767
1202	0.442155267
1203	0.442148663
1204	0.442141958
1205	0.442135157
1206	0.442128264
1207	0.442121284
1208	0.442114219
1209	0.442107074
1210	0.442099853
1211	0.44209256
1212	0.442085197
1213	0.442077769
1214	0.44207028
1215	0.442062732
1216	0.44205513
1217	0.442047475
1218	0.442039773
1219	0.442032025
1220	0.442024235
1221	0.442016406
1222	0.442008542
1223	0.442000644
1224	0.441992715
1225	0.44198476
1226	0.44197678
1227	0.441968778
1228	0.441960756
1229	0.441952718
1230	0.441944665
1231	0.4419366
1232	0.441928526
1233	0.441920445
1234	0.441912358
1235	0.441904269
1236	0.44189618
1237	0.441888092
1238	0.441880008
1239	0.441871929
1240	0.441863857
1241	0.441855796
1242	0.441847745
1243	0.441839708
1244	0.441831685
1245	0.441823679
1246	0.441815691
1247	0.441807723
1248	0.441799777
1249	0.441791853
1250	0.441783954
1251	0.44177608
1252	0.441768234
1253	0.441760416
1254	0.441752628
1255	0.441744871
1256	0.441737146
1257	0.441729455
1258	0.441721799
1259	0.441714178
1260	0.441706594
1261	0.441699048
1262	0.441691541
1263	0.441684074
1264	0.441676647
1265	0.441669262
1266	0.441661919
1267	0.44165462
1268	0.441647365
1269	0.441640155
1270	0.44163299
1271	0.441625872
1272	0.441618801
1273	0.441611777
1274	0.441604802
1275	0.441597875
1276	0.441590998
1277	0.44158417
1278	0.441577393
1279	0.441570667
1280	0.441563993
1281	0.44155737
1282	0.441550799
1283	0.441544281
1284	0.441537815
1285	0.441531403
1286	0.441525045
1287	0.44151874
1288	0.44151249
1289	0.441506294
1290	0.441500152
1291	0.441494066
1292	0.441488034
1293	0.441482058
1294	0.441476137
1295	0.441470271
1296	0.441464461
1297	0.441458707
1298	0.441453009
1299	0.441447366
1300	0.44144178
1301	0.441436249
1302	0.441430775
1303	0.441425356
1304	0.441419994
1305	0.441414687
1306	0.441409437
1307	0.441404242
1308	0.441399104
1309	0.441394021
1310	0.441388994
1311	0.441384022
1312	0.441379106
1313	0.441374246
1314	0.441369441
1315	0.441364691
1316	0.441359996
1317	0.441355356
1318	0.441350771
1319	0.44134624
1320	0.441341764
1321	0.441337342
1322	0.441332974
1323	0.44132866
1324	0.4413244
1325	0.441320193
1326	0.441316039
1327	0.441311938
1328	0.44130789
1329	0.441303894
1330	0.441299951
1331	0.44129606
1332	0.44129222
1333	0.441288432
1334	0.441284695
1335	0.441281009
1336	0.441277373
1337	0.441273789
1338	0.441270254
1339	0.441266769
1340	0.441263333
1341	0.441259947
1342	0.44125661
1343	0.441253321
1344	0.44125008
1345	0.441246888
1346	0.441243743
1347	0.441240646
1348	0.441237596
1349	0.441234592
1350	0.441231635
1351	0.441228724
1352	0.441225859
1353	0.441223039
1354	0.441220265
1355	0.441217535
1356	0.44121485
1357	0.441212208
1358	0.441209611
1359	0.441207057
1360	0.441204547
1361	0.441202079
1362	0.441199653
1363	0.44119727
1364	0.441194928
1365	0.441192628
1366	0.441190369
1367	0.441188151
1368	0.441185974
1369	0.441183836
1370	0.441181738
1371	0.44117968
1372	0.441177661
1373	0.44117568
1374	0.441173738
1375	0.441171834
1376	0.441169968
1377	0.44116814
1378	0.441166348
1379	0.441164593
1380	0.441162875
1381	0.441161193
1382	0.441159546
1383	0.441157936
1384	0.44115636
1385	0.441154819
1386	0.441153312
1387	0.44115184
1388	0.441150401
1389	0.441148996
1390	0.441147625
1391	0.441146286
1392	0.441144979
1393	0.441143705
1394	0.441142463
1395	0.441141253
1396	0.441140074
1397	0.441138926
1398	0.441137808
1399	0.441136721
1400	0.441135664
1401	0.441134637
1402	0.441133639
1403	0.441132671
1404	0.441131732
1405	0.441130821
1406	0.441129938
1407	0.441129084
1408	0.441128257
1409	0.441127457
1410	0.441126685
1411	0.44112594
1412	0.441125221
1413	0.441124529
1414	0.441123863
1415	0.441123222
1416	0.441122607
1417	0.441122018
1418	0.441121453
1419	0.441120913
1420	0.441120397
1421	0.441119905
1422	0.441119438
1423	0.441118994
1424	0.441118573
1425	0.441118176
1426	0.441117801
1427	0.441117449
1428	0.44111712
1429	0.441116813
1430	0.441116527
1431	0.441116263
1432	0.441116021
1433	0.4411158
1434	0.441115599
1435	0.44111542
1436	0.44111526
1437	0.441115121
1438	0.441115002
1439	0.441114903
1440	0.441114824
1441	0.441114763
1442	0.441114722
1443	0.4411147
1444	0.441114696
1445	0.441114711
1446	0.441114744
1447	0.441114795
1448	0.441114864
1449	0.441114951
1450	0.441115055
1451	0.441115176
1452	0.441115314
1453	0.441115469
1454	0.441115641
1455	0.441115829
1456	0.441116033
1457	0.441116253
1458	0.441116489
1459	0.441116741
1460	0.441117008
1461	0.44111729
1462	0.441117588
1463	0.4411179
1464	0.441118227
1465	0.441118569
1466	0.441118925
1467	0.441119295
1468	0.44111968
1469	0.441120078
1470	0.441120489
1471	0.441120915
1472	0.441121353
1473	0.441121805
1474	0.44112227
1475	0.441122748
1476	0.441123238
1477	0.441123741
1478	0.441124256
1479	0.441124784
1480	0.441125324
1481	0.441125875
1482	0.441126438
1483	0.441127013
1484	0.4411276
1485	0.441128197
1486	0.441128806
1487	0.441129426
1488	0.441130057
1489	0.441130699
1490	0.441131351
1491	0.441132014
1492	0.441132687
1493	0.44113337
1494	0.441134063
1495	0.441134767
1496	0.44113548
1497	0.441136203
1498	0.441136935
1499	0.441137677
1500	0.441138428
1501	0.441139188
1502	0.441139958
1503	0.441140736
1504	0.441141523
1505	0.441142319
1506	0.441143123
1507	0.441143936
1508	0.441144758
1509	0.441145587
1510	0.441146425
1511	0.44114727
1512	0.441148124
1513	0.441148985
1514	0.441149854
1515	0.441150731
1516	0.441151615
1517	0.441152507
1518	0.441153406
1519	0.441154312
1520	0.441155225
1521	0.441156145
1522	0.441157071
1523	0.441158005
1524	0.441158946
1525	0.441159892
1526	0.441160846
1527	0.441161806
1528	0.441162772
1529	0.441163744
1530	0.441164723
1531	0.441165707
1532	0.441166697
1533	0.441167694
1534	0.441168696
1535	0.441169703
1536	0.441170717
1537	0.441171736
1538	0.44117276
1539	0.44117379
1540	0.441174824
1541	0.441175864
1542	0.44117691
1543	0.44117796
1544	0.441179015
1545	0.441180075
1546	0.44118114
1547	0.441182209
1548	0.441183283
1549	0.441184362
1550	0.441185445
1551	0.441186533
1552	0.441187625
1553	0.441188721
1554	0.441189822
1555	0.441190926
1556	0.441192035
1557	0.441193148
1558	0.441194265
1559	0.441195385
1560	0.44119651
1561	0.441197638
1562	0.441198769
1563	0.441199905
1564	0.441201044
1565	0.441202186
1566	0.441203332
1567	0.441204481
1568	0.441205634
1569	0.44120679
1570	0.441207949
1571	0.441209111
1572	0.441210276
1573	0.441211444
1574	0.441212616
1575	0.44121379
1576	0.441214967
1577	0.441216146
1578	0.441217329
1579	0.441218514
1580	0.441219702
1581	0.441220892
1582	0.441222085
1583	0.441223281
1584	0.441224479
1585	0.441225679
1586	0.441226882
1587	0.441228086
1588	0.441229294
1589	0.441230503
1590	0.441231714
1591	0.441232928
1592	0.441234143
1593	0.441235361
1594	0.441236581
1595	0.441237802
1596	0.441239025
1597	0.441240251
1598	0.441241478
1599	0.441242706
1600	0.441243937
1601	0.441245169
1602	0.441246402
1603	0.441247638
1604	0.441248874
1605	0.441250113
1606	0.441251352
1607	0.441252593
1608	0.441253836
1609	0.44125508
1610	0.441256325
1611	0.441257571
1612	0.441258819
1613	0.441260068
1614	0.441261318
1615	0.441262569
1616	0.441263821
1617	0.441265074
1618	0.441266328
1619	0.441267584
1620	0.44126884
1621	0.441270097
1622	0.441271355
1623	0.441272614
1624	0.441273873
1625	0.441275133
1626	0.441276395
1627	0.441277656
1628	0.441278919
1629	0.441280182
1630	0.441281446
1631	0.44128271
1632	0.441283975
1633	0.441285241
1634	0.441286507
1635	0.441287773
1636	0.44128904
1637	0.441290307
1638	0.441291575
1639	0.441292843
1640	0.441294111
1641	0.44129538
1642	0.441296649
1643	0.441297918
1644	0.441299188
1645	0.441300458
1646	0.441301727
1647	0.441302997
1648	0.441304268
1649	0.441305538
1650	0.441306808
1651	0.441308078
1652	0.441309349
1653	0.441310619
1654	0.44131189
1655	0.44131316
1656	0.44131443
1657	0.441315701
1658	0.441316971
1659	0.441318241
1660	0.441319511
1661	0.44132078
1662	0.44132205
1663	0.441323319
1664	0.441324588
1665	0.441325857
1666	0.441327125
1667	0.441328394
1668	0.441329661
1669	0.441330929
1670	0.441332196
1671	0.441333463
1672	0.44133473
1673	0.441335996
1674	0.441337261
1675	0.441338526
1676	0.441339791
1677	0.441341055
1678	0.441342319
1679	0.441343582
1680	0.441344845
1681	0.441346107
1682	0.441347368
1683	0.441348629
1684	0.44134989
1685	0.441351149
1686	0.441352408
1687	0.441353667
1688	0.441354925
1689	0.441356182
1690	0.441357438
1691	0.441358694
1692	0.441359949
1693	0.441361203
1694	0.441362456
1695	0.441363709
1696	0.441364961
1697	0.441366212
1698	0.441367462
1699	0.441368711
1700	0.44136996
1701	0.441371208
1702	0.441372455
1703	0.4413737
1704	0.441374946
1705	0.44137619
1706	0.441377433
1707	0.441378675
1708	0.441379917
1709	0.441381157
1710	0.441382396
1711	0.441383635
1712	0.441384872
1713	0.441386109
1714	0.441387344
1715	0.441388578
1716	0.441389812
1717	0.441391044
1718	0.441392275
1719	0.441393505
1720	0.441394734
1721	0.441395962
1722	0.441397189
1723	0.441398415
1724	0.441399639
1725	0.441400863
1726	0.441402085
1727	0.441403306
1728	0.441404526
1729	0.441405745
1730	0.441406963
1731	0.441408179
1732	0.441409394
1733	0.441410608
1734	0.441411821
1735	0.441413033
1736	0.441414243
1737	0.441415452
1738	0.44141666
1739	0.441417866
1740	0.441419072
1741	0.441420276
1742	0.441421478
1743	0.44142268
1744	0.44142388
1745	0.441425079
1746	0.441426276
1747	0.441427472
1748	0.441428667
1749	0.44142986
1750	0.441431052
1751	0.441432243
1752	0.441433432
1753	0.44143462
1754	0.441435807
1755	0.441436992
1756	0.441438176
1757	0.441439358
1758	0.441440539
1759	0.441441719
1760	0.441442897
1761	0.441444074
1762	0.441445249
1763	0.441446423
1764	0.441447596
1765	0.441448766
1766	0.441449936
1767	0.441451104
1768	0.441452271
1769	0.441453436
1770	0.441454599
1771	0.441455762
1772	0.441456922
1773	0.441458081
1774	0.441459239
1775	0.441460395
1776	0.44146155
1777	0.441462703
1778	0.441463855
1779	0.441465005
1780	0.441466153
1781	0.4414673
1782	0.441468446
1783	0.44146959
1784	0.441470732
1785	0.441471873
1786	0.441473012
1787	0.44147415
1788	0.441475286
1789	0.441476421
1790	0.441477554
1791	0.441478685
1792	0.441479815
1793	0.441480943
1794	0.44148207
1795	0.441483195
1796	0.441484319
1797	0.441485441
1798	0.441486561
1799	0.44148768
1800	0.441488797
1801	0.441489912
1802	0.441491026
1803	0.441492138
1804	0.441493249
1805	0.441494358
1806	0.441495465
1807	0.441496571
1808	0.441497675
1809	0.441498778
1810	0.441499878
1811	0.441500978
1812	0.441502075
1813	0.441503171
1814	0.441504265
1815	0.441505358
1816	0.441506449
1817	0.441507538
1818	0.441508626
1819	0.441509712
1820	0.441510796
1821	0.441511879
1822	0.44151296
1823	0.441514039
1824	0.441515117
1825	0.441516193
1826	0.441517267
1827	0.44151834
1828	0.44151941
1829	0.44152048
1830	0.441521547
1831	0.441522613
1832	0.441523677
1833	0.44152474
1834	0.441525801
1835	0.44152686
1836	0.441527917
1837	0.441528973
1838	0.441530027
1839	0.441531079
1840	0.44153213
1841	0.441533179
1842	0.441534226
1843	0.441535272
1844	0.441536316
1845	0.441537358
1846	0.441538398
1847	0.441539437
1848	0.441540474
1849	0.441541509
1850	0.441542543
1851	0.441543575
1852	0.441544605
1853	0.441545633
1854	0.44154666
1855	0.441547685
1856	0.441548708
1857	0.44154973
1858	0.44155075
1859	0.441551768
1860	0.441552785
1861	0.441553799
1862	0.441554812
1863	0.441555824
1864	0.441556833
1865	0.441557841
1866	0.441558847
1867	0.441559852
1868	0.441560854
1869	0.441561855
1870	0.441562855
1871	0.441563852
1872	0.441564848
1873	0.441565842
1874	0.441566835
1875	0.441567825
1876	0.441568814
1877	0.441569801
1878	0.441570787
1879	0.441571771
1880	0.441572753
1881	0.441573733
1882	0.441574712
1883	0.441575689
1884	0.441576664
1885	0.441577637
1886	0.441578609
1887	0.441579579
1888	0.441580547
1889	0.441581514
1890	0.441582479
1891	0.441583442
1892	0.441584403
1893	0.441585363
1894	0.441586321
1895	0.441587277
1896	0.441588232
1897	0.441589185
1898	0.441590136
1899	0.441591085
1900	0.441592033
1901	0.441592979
1902	0.441593923
1903	0.441594866
1904	0.441595807
1905	0.441596746
1906	0.441597683
1907	0.441598619
1908	0.441599553
1909	0.441600486
1910	0.441601416
1911	0.441602345
1912	0.441603272
1913	0.441604198
1914	0.441605121
1915	0.441606044
1916	0.441606964
1917	0.441607883
1918	0.4416088
1919	0.441609715
1920	0.441610628
1921	0.44161154
1922	0.441612451
1923	0.441613359
1924	0.441614266
1925	0.441615171
1926	0.441616074
1927	0.441616976
1928	0.441617876
1929	0.441618774
1930	0.441619671
1931	0.441620566
1932	0.441621459
1933	0.441622351
1934	0.441623241
1935	0.441624129
1936	0.441625016
1937	0.441625901
1938	0.441626784
1939	0.441627665
1940	0.441628545
1941	0.441629423
1942	0.4416303
1943	0.441631175
1944	0.441632048
1945	0.441632919
1946	0.441633789
1947	0.441634657
1948	0.441635524
1949	0.441636389
1950	0.441637252
1951	0.441638113
1952	0.441638973
1953	0.441639831
1954	0.441640688
1955	0.441641543
1956	0.441642396
1957	0.441643248
1958	0.441644097
1959	0.441644946
1960	0.441645792
1961	0.441646637
1962	0.441647481
1963	0.441648322
1964	0.441649163
1965	0.441650001
1966	0.441650838
1967	0.441651673
1968	0.441652506
1969	0.441653338
1970	0.441654169
1971	0.441654997
1972	0.441655824
1973	0.44165665
1974	0.441657474
1975	0.441658296
1976	0.441659116
1977	0.441659935
1978	0.441660752
1979	0.441661568
1980	0.441662382
1981	0.441663195
1982	0.441664005
1983	0.441664815
1984	0.441665622
1985	0.441666428
1986	0.441667233
1987	0.441668036
1988	0.441668837
1989	0.441669637
1990	0.441670435
1991	0.441671231
1992	0.441672026
1993	0.441672819
1994	0.441673611
1995	0.441674401
1996	0.44167519
1997	0.441675977
1998	0.441676762
1999	0.441677546
2000	0.441678328
2001	0.441679109
2002	0.441679888
2003	0.441680665
2004	0.441681441
2005	0.441682215
2006	0.441682988
2007	0.44168376
2008	0.441684529
2009	0.441685297
2010	0.441686064
2011	0.441686829
2012	0.441687592
2013	0.441688354
2014	0.441689115
2015	0.441689874
2016	0.441690631
2017	0.441691387
2018	0.441692141
2019	0.441692894
2020	0.441693645
2021	0.441694394
2022	0.441695142
2023	0.441695889
2024	0.441696634
2025	0.441697378
2026	0.44169812
2027	0.44169886
2028	0.441699599
2029	0.441700336
2030	0.441701072
2031	0.441701807
2032	0.44170254
2033	0.441703271
2034	0.441704001
2035	0.441704729
2036	0.441705456
2037	0.441706182
2038	0.441706905
2039	0.441707628
2040	0.441708349
2041	0.441709068
2042	0.441709786
2043	0.441710503
2044	0.441711218
2045	0.441711931
2046	0.441712643
2047	0.441713354
2048	0.441714063
2049	0.44171477
2050	0.441715476
2051	0.441716181
2052	0.441716884
2053	0.441717586
2054	0.441718286
2055	0.441718985
2056	0.441719682
2057	0.441720378
2058	0.441721072
2059	0.441721765
2060	0.441722457
2061	0.441723147
2062	0.441723836
2063	0.441724523
2064	0.441725209
2065	0.441725893
2066	0.441726576
2067	0.441727257
2068	0.441727937
2069	0.441728616
2070	0.441729293
2071	0.441729969
2072	0.441730643
2073	0.441731316
2074	0.441731988
2075	0.441732658
2076	0.441733326
2077	0.441733994
2078	0.44173466
2079	0.441735324
2080	0.441735987
2081	0.441736649
2082	0.441737309
2083	0.441737968
2084	0.441738625
2085	0.441739281
2086	0.441739936
2087	0.441740589
2088	0.441741241
2089	0.441741892
2090	0.441742541
2091	0.441743189
2092	0.441743835
2093	0.44174448
2094	0.441745124
2095	0.441745766
2096	0.441746407
2097	0.441747046
2098	0.441747685
2099	0.441748321
2100	0.441748957
2101	0.441749591
2102	0.441750224
2103	0.441750855
2104	0.441751485
2105	0.441752114
2106	0.441752741
2107	0.441753367
2108	0.441753992
2109	0.441754615
2110	0.441755237
2111	0.441755858
2112	0.441756477
2113	0.441757096
2114	0.441757712
2115	0.441758328
2116	0.441758942
2117	0.441759554
2118	0.441760166
2119	0.441760776
2120	0.441761385
2121	0.441761992
2122	0.441762598
2123	0.441763203
2124	0.441763807
2125	0.441764409
2126	0.44176501
2127	0.44176561
2128	0.441766208
2129	0.441766805
2130	0.441767401
2131	0.441767996
2132	0.441768589
2133	0.441769181
2134	0.441769772
2135	0.441770361
2136	0.441770949
2137	0.441771536
2138	0.441772121
2139	0.441772706
2140	0.441773289
2141	0.441773871
2142	0.441774451
2143	0.44177503
2144	0.441775608
2145	0.441776185
2146	0.441776761
2147	0.441777335
2148	0.441777908
2149	0.44177848
2150	0.44177905
2151	0.441779619
2152	0.441780188
2153	0.441780754
2154	0.44178132
2155	0.441781884
2156	0.441782447
2157	0.441783009
2158	0.44178357
2159	0.441784129
2160	0.441784687
2161	0.441785244
2162	0.4417858
2163	0.441786355
2164	0.441786908
2165	0.44178746
2166	0.441788011
2167	0.441788561
2168	0.441789109
2169	0.441789657
2170	0.441790203
2171	0.441790748
2172	0.441791292
2173	0.441791834
2174	0.441792375
2175	0.441792916
2176	0.441793455
2177	0.441793992
2178	0.441794529
2179	0.441795064
2180	0.441795599
2181	0.441796132
2182	0.441796664
2183	0.441797194
