#1
float Input_MaizeSilage(3,27)
0	265.7	95.9	4.3	2000	0	0	0.008	0.006	9.457801107	2.606863761	0.415258619	0	0.678208362	0	0	352	7.080068559	2.667851921	22.88196071	15.08362432	1.744364718	45.76392141	77	100	36	80
137	293	95.9	4.3	2000	0	0	0.008	0.006	22.41941122	1.66845789	0.02080988	0	0.678208362	0	0	352	7.080068559	2.667851921	22.88196071	15.08362432	1.744364718	45.76392141	77	100	36	80
2000	293	95.9	4.3	2000	0	0	0.008	0.006	22.41941122	1.66845789	0.02080988	0	0.678208362	0	0	352	7.080068559	2.667851921	22.88196071	15.08362432	1.744364718	45.76392141	77	100	36	80







