#1	
float Input_Q_Feed1_ADM1(1117,2)	
0	0.36
0.033333333	1E-16
4	0.36
4.033333333	1E-16
8	0.36
8.033333333	1E-16
12	0.36
12.03333333	1E-16
16	0.36
16.03333333	1E-16
20	0.36
20.03333333	1E-16
24	0.36
24.03333333	1E-16
28	0.36
28.03333333	1E-16
32	0.36
32.03333333	1E-16
36	0.36
36.03333333	1E-16
40	0.36
40.03333333	1E-16
44	0.36
44.03333333	1E-16
48	0.36
48.03333333	1E-16
52	0.36
52.03333333	1E-16
56	0.36
56.03333333	1E-16
60	0.36
60.03333333	1E-16
64	0.36
64.03333333	1E-16
68	0.36
68.03333333	1E-16
72	0.36
72.03333333	1E-16
76	0.36
76.03333333	1E-16
80	0.36
80.03333333	1E-16
84	0.36
84.03333333	1E-16
88	0.36
88.03333333	1E-16
92	0.36
92.03333333	1E-16
96	0.36
96.03333333	1E-16
100	0.36
100.0333333	1E-16
104	0.36
104.0333333	1E-16
108	0.36
108.0333333	1E-16
112	0.36
112.0333333	1E-16
116	0.36
116.0333333	1E-16
120	0.36
120.0333333	1E-16
124	0.36
124.0333333	1E-16
128	0.36
128.0333333	1E-16
132	0.36
132.0333333	1E-16
136	0.36
136.0333333	1E-16
140	0.36
140.0333333	1E-16
144	0.36
144.0333333	1E-16
148	0.36
148.0333333	1E-16
152	0.36
152.0333333	1E-16
156	0.36
156.0333333	1E-16
160	0.36
160.0333333	1E-16
164	0.36
164.0333333	1E-16
168	0.36
168.0333333	1E-16
172	0.36
172.0333333	1E-16
176	0.36
176.0333333	1E-16
180	0.36
180.0333333	1E-16
184	0.36
184.0333333	1E-16
188	0.36
188.0333333	1E-16
192	0.36
192.0333333	1E-16
196	0.36
196.0333333	1E-16
200	0.36
200.0333333	1E-16
204	0.36
204.0333333	1E-16
208	0.36
208.0333333	1E-16
212	0.36
212.0333333	1E-16
216	0.36
216.0333333	1E-16
220	0.36
220.0333333	1E-16
224	0.36
224.0333333	1E-16
228	0.36
228.0333333	1E-16
232	0.36
232.0333333	1E-16
236	0.36
236.0333333	1E-16
240	0.36
240.0333333	1E-16
244	0.36
244.0333333	1E-16
248	0.36
248.0333333	1E-16
252	0.36
252.0333333	1E-16
256	0.36
256.0333333	1E-16
260	0.36
260.0333333	1E-16
264	0.36
264.0333333	1E-16
268	0.36
268.0333333	1E-16
272	0.36
272.0333333	1E-16
276	0.36
276.0333333	1E-16
280	0.36
280.0333333	1E-16
284	0.36
284.0333333	1E-16
288	0.36
288.0333333	1E-16
292	0.36
292.0333333	1E-16
296	0.36
296.0333333	1E-16
300	0.36
300.0333333	1E-16
304	0.36
304.0333333	1E-16
308	0.36
308.0333333	1E-16
312	0.36
312.0333333	1E-16
316	0.36
316.0333333	1E-16
320	0.36
320.0333333	1E-16
324	0.36
324.0333333	1E-16
328	0.36
328.0333333	1E-16
332	0.36
332.0333333	1E-16
336	0.36
336.0333333	1E-16
340	0.36
340.0333333	1E-16
344	0.36
344.0333333	1E-16
348	0.36
348.0333333	1E-16
352	0.36
352.0333333	1E-16
356	0.36
356.0333333	1E-16
360	0.36
360.0333333	1E-16
364	0.36
364.0333333	1E-16
368	0.36
368.0333333	1E-16
372	0.36
372.0333333	1E-16
376	0.36
376.0333333	1E-16
380	0.36
380.0333333	1E-16
384	0.36
384.0333333	1E-16
388	0.36
388.0333333	1E-16
392	0.36
392.0333333	1E-16
396	0.36
396.0333333	1E-16
400	0.36
400.0333333	1E-16
404	0.36
404.0333333	1E-16
408	0.36
408.0333333	1E-16
412	0.36
412.0333333	1E-16
416	0.36
416.0333333	1E-16
420	0.36
420.0333333	1E-16
424	0.36
424.0333333	1E-16
428	0.36
428.0333333	1E-16
432	0.36
432.0333333	1E-16
436	0.36
436.0333333	1E-16
440	0.36
440.0333333	1E-16
444	0.36
444.0333333	1E-16
448	0.36
448.0333333	1E-16
452	0.36
452.0333333	1E-16
456	0.36
456.0333333	1E-16
460	0.36
460.0333333	1E-16
464	0.36
464.0333333	1E-16
468	0.36
468.0333333	1E-16
472	0.36
472.0333333	1E-16
476	0.36
476.0333333	1E-16
480	0.36
480.0333333	1E-16
484	0.36
484.0333333	1E-16
488	0.36
488.0333333	1E-16
492	0.36
492.0333333	1E-16
496	0.36
496.0333333	1E-16
500	0.36
500.0333333	1E-16
504	0.36
504.0333333	1E-16
508	0.36
508.0333333	1E-16
512	0.36
512.0333333	1E-16
516	0.36
516.0333333	1E-16
520	0.36
520.0333333	1E-16
524	0.36
524.0333333	1E-16
528	0.36
528.0333333	1E-16
532	0.36
532.0333333	1E-16
536	0.36
536.0333333	1E-16
540	0.36
540.0333333	1E-16
544	0.36
544.0333333	1E-16
548	0.36
548.0333333	1E-16
552	0.36
552.0333333	1E-16
556	0.36
556.0333333	1E-16
560	0.36
560.0333333	1E-16
564	0.36
564.0333333	1E-16
568	0.36
568.0333333	1E-16
572	0.36
572.0333333	1E-16
576	0.36
576.0333333	1E-16
580	0.36
580.0333333	1E-16
584	0.36
584.0333333	1E-16
588	0.36
588.0333333	1E-16
592	0.36
592.0333333	1E-16
596	0.36
596.0333333	1E-16
600	0.36
600.0333333	1E-16
604	0.36
604.0333333	1E-16
608	0.36
608.0333333	1E-16
612	0.36
612.0333333	1E-16
616	0.36
616.0333333	1E-16
620	0.36
620.0333333	1E-16
624	0.36
624.0333333	1E-16
628	0.36
628.0333333	1E-16
632	0.36
632.0333333	1E-16
636	0.36
636.0333333	1E-16
640	0.36
640.0333333	1E-16
644	0.36
644.0333333	1E-16
648	0.36
648.0333333	1E-16
652	0.36
652.0333333	1E-16
656	0.36
656.0333333	1E-16
660	0.36
660.0333333	1E-16
664	0.36
664.0333333	1E-16
668	0.36
668.0333333	1E-16
672	0.36
672.0333333	1E-16
676	0.36
676.0333333	1E-16
680	0.36
680.0333333	1E-16
684	0.36
684.0333333	1E-16
688	0.36
688.0333333	1E-16
692	0.36
692.0333333	1E-16
696	0.36
696.0333333	1E-16
700	0.36
700.0333333	1E-16
704	0.36
704.0333333	1E-16
708	0.36
708.0333333	1E-16
712	0.36
712.0333333	1E-16
716	0.36
716.0333333	1E-16
720	0.36
720.0333333	1E-16
724	0.36
724.0333333	1E-16
728	0.36
728.0333333	1E-16
732	0.36
732.0333333	1E-16
736	0.36
736.0333333	1E-16
740	0.36
740.0333333	1E-16
744	0.36
744.0333333	1E-16
748	0.36
748.0333333	1E-16
752	0.36
752.0333333	1E-16
756	0.36
756.0333333	1E-16
760	0.36
760.0333333	1E-16
764	0.36
764.0333333	1E-16
768	0.36
768.0333333	1E-16
772	0.36
772.0333333	1E-16
776	0.36
776.0333333	1E-16
780	0.36
780.0333333	1E-16
784	0.36
784.0333333	1E-16
788	0.36
788.0333333	1E-16
792	0.36
792.0333333	1E-16
796	0.36
796.0333333	1E-16
800	0.36
800.0333333	1E-16
804	0.36
804.0333333	1E-16
808	0.36
808.0333333	1E-16
812	0.36
812.0333333	1E-16
816	0.36
816.0333333	1E-16
820	0.36
820.0333333	1E-16
824	0.36
824.0333333	1E-16
828	0.36
828.0333333	1E-16
832	0.36
832.0333333	1E-16
836	0.36
836.0333333	1E-16
840	0.36
840.0333333	1E-16
844	0.36
844.0333333	1E-16
848	0.36
848.0333333	1E-16
852	0.36
852.0333333	1E-16
856	0.36
856.0333333	1E-16
860	0.36
860.0333333	1E-16
864	0.36
864.0333333	1E-16
868	0.36
868.0333333	1E-16
872	0.36
872.0333333	1E-16
876	0.36
876.0333333	1E-16
880	0.36
880.0333333	1E-16
884	0.36
884.0333333	1E-16
888	0.36
888.0333333	1E-16
892	0.36
892.0333333	1E-16
896	0.36
896.0333333	1E-16
900	0.36
900.0333333	1E-16
904	0.36
904.0333333	1E-16
908	0.36
908.0333333	1E-16
912	0.36
912.0333333	1E-16
916	0.36
916.0333333	1E-16
920	0.36
920.0333333	1E-16
924	0.36
924.0333333	1E-16
928	0.36
928.0333333	1E-16
932	0.36
932.0333333	1E-16
936	0.36
936.0333333	1E-16
940	0.36
940.0333333	1E-16
944	0.36
944.0333333	1E-16
948	0.36
948.0333333	1E-16
952	0.36
952.0333333	1E-16
956	0.36
956.0333333	1E-16
960	0.36
960.0333333	1E-16
964	0.36
964.0333333	1E-16
968	0.36
968.0333333	1E-16
972	0.36
972.0333333	1E-16
976	0.36
976.0333333	1E-16
980	0.36
980.0333333	1E-16
984	0.36
984.0333333	1E-16
988	0.36
988.0333333	1E-16
992	0.36
992.0333333	1E-16
996	0.36
996.0333333	1E-16
1000	0.36
1000.033333	1E-16
1004	0.36
1004.033333	1E-16
1008	0.36
1008.033333	1E-16
1012	0.36
1012.033333	1E-16
1016	0.36
1016.033333	1E-16
1020	0.36
1020.033333	1E-16
1024	0.36
1024.033333	1E-16
1028	0.36
1028.033333	1E-16
1032	0.36
1032.033333	1E-16
1036	0.36
1036.033333	1E-16
1040	0.36
1040.033333	1E-16
1044	0.36
1044.033333	1E-16
1048	0.36
1048.033333	1E-16
1052	0.36
1052.033333	1E-16
1056	0.36
1056.033333	1E-16
1060	0.36
1060.033333	1E-16
1064	0.36
1064.033333	1E-16
1068	0.36
1068.033333	1E-16
1072	0.36
1072.033333	1E-16
1076	0.36
1076.033333	1E-16
1080	0.36
1080.033333	1E-16
1084	0.36
1084.033333	1E-16
1088	0.36
1088.033333	1E-16
1092	0.36
1092.033333	1E-16
1096	0.36
1096.033333	1E-16
1100	0.36
1100.033333	1E-16
1104	0.36
1104.033333	1E-16
1108	0.36
1108.033333	1E-16
1112	0.36
1112.033333	1E-16
1116	0.36
1116.033333	1E-16
1120	0.36
1120.033333	1E-16
1124	0.36
1124.033333	1E-16
1128	0.36
1128.033333	1E-16
1132	0.36
1132.033333	1E-16
1136	0.36
1136.033333	1E-16
1140	0.36
1140.033333	1E-16
1144	0.36
1144.033333	1E-16
1148	0.36
1148.033333	1E-16
1152	0.36
1152.033333	1E-16
1160	0.36
1160.033333	1E-16
1168	0.36
1168.033333	1E-16
1176	0.36
1176.033333	1E-16
1184	0.36
1184.033333	1E-16
1192	0.36
1192.033333	1E-16
1200	0.36
1200.033333	1E-16
1208	0.36
1208.033333	1E-16
1216	0.36
1216.033333	1E-16
1224	0.36
1224.033333	1E-16
1232	0.36
1232.033333	1E-16
1240	0.36
1240.033333	1E-16
1248	0.36
1248.033333	1E-16
1256	0.36
1256.033333	1E-16
1264	0.36
1264.033333	1E-16
1272	0.36
1272.033333	1E-16
1280	0.36
1280.033333	1E-16
1288	0.36
1288.033333	1E-16
1296	0.36
1296.033333	1E-16
1304	0.36
1304.033333	1E-16
1312	0.36
1312.033333	1E-16
1320	0.36
1320.033333	1E-16
1328	0.36
1328.033333	1E-16
1336	0.36
1336.033333	1E-16
1344	0.36
1344.033333	1E-16
1352	0.36
1352.033333	1E-16
1360	0.36
1360.033333	1E-16
1368	0.36
1368.033333	1E-16
1376	0.36
1376.033333	1E-16
1384	0.36
1384.033333	1E-16
1392	0.36
1392.033333	1E-16
1396	0.36
1396.033333	1E-16
1400	0.36
1400.033333	1E-16
1404	0.36
1404.033333	1E-16
1408	0.36
1408.033333	1E-16
1412	0.36
1412.033333	1E-16
1416	0.36
1416.033333	1E-16
1420	0.36
1420.033333	1E-16
1424	0.36
1424.033333	1E-16
1428	0.36
1428.033333	1E-16
1432	0.36
1432.033333	1E-16
1436	0.36
1436.033333	1E-16
1440	0.36
1440.033333	1E-16
1444	0.36
1444.033333	1E-16
1448	0.36
1448.033333	1E-16
1452	0.36
1452.033333	1E-16
1456	0.36
1456.033333	1E-16
1460	0.36
1460.033333	1E-16
1464	0.36
1464.033333	1E-16
1468	0.36
1468.033333	1E-16
1472	0.36
1472.033333	1E-16
1476	0.36
1476.033333	1E-16
1480	0.36
1480.033333	1E-16
1484	0.36
1484.033333	1E-16
1488	0.36
1488.033333	1E-16
1492	0.36
1492.033333	1E-16
1496	0.36
1496.033333	1E-16
1500	0.36
1500.033333	1E-16
1504	0.36
1504.033333	1E-16
1508	0.36
1508.033333	1E-16
1512	0.36
1512.033333	1E-16
1516	0.36
1516.033333	1E-16
1520	0.36
1520.033333	1E-16
1524	0.36
1524.033333	1E-16
1528	0.36
1528.033333	1E-16
1532	0.36
1532.033333	1E-16
1536	0.36
1536.033333	1E-16
1540	0.36
1540.033333	1E-16
1544	0.36
1544.033333	1E-16
1548	0.36
1548.033333	1E-16
1552	0.36
1552.033333	1E-16
1556	0.36
1556.033333	1E-16
1560	0.36
1560.033333	1E-16
1564	0.36
1564.033333	1E-16
1568	0.36
1568.033333	1E-16
1572	0.36
1572.033333	1E-16
1576	0.36
1576.033333	1E-16
1580	0.36
1580.033333	1E-16
1584	0.36
1584.033333	1E-16
1588	0.36
1588.033333	1E-16
1592	0.36
1592.033333	1E-16
1596	0.36
1596.033333	1E-16
1600	0.36
1600.033333	1E-16
1604	0.36
1604.033333	1E-16
1608	0.36
1608.033333	1E-16
1612	0.36
1612.033333	1E-16
1616	0.36
1616.033333	1E-16
1620	0.36
1620.033333	1E-16
1624	0.36
1624.033333	1E-16
1628	0.36
1628.033333	1E-16
1632	0.36
1632.033333	1E-16
1636	0.36
1636.033333	1E-16
1640	0.36
1640.033333	1E-16
1644	0.36
1644.033333	1E-16
1648	0.36
1648.033333	1E-16
1652	0.36
1652.033333	1E-16
1656	0.36
1656.033333	1E-16
1660	0.36
1660.033333	1E-16
1664	0.36
1664.033333	1E-16
1668	0.36
1668.033333	1E-16
1672	0.36
1672.033333	1E-16
1676	0.36
1676.033333	1E-16
1680	0.36
1680.033333	1E-16
1684	0.36
1684.033333	1E-16
1688	0.36
1688.033333	1E-16
1692	0.36
1692.033333	1E-16
1696	0.36
1696.033333	1E-16
1700	0.36
1700.033333	1E-16
1704	0.3435
1704.033333	1E-16
1708	0.3435
1708.033333	1E-16
1712	0.3435
1712.033333	1E-16
1716	0.3435
1716.033333	1E-16
1720	0.3435
1720.033333	1E-16
1724	0.3435
1724.033333	1E-16
1728	0.3435
1728.033333	1E-16
1732	0.3435
1732.033333	1E-16
1736	0.3435
1736.033333	1E-16
1740	0.3435
1740.033333	1E-16
1744	0.3435
1744.033333	1E-16
1748	0.3435
1748.033333	1E-16
1752	0.3435
1752.033333	1E-16
1756	0.3435
1756.033333	1E-16
1760	0.3435
1760.033333	1E-16
1764	0.3435
1764.033333	1E-16
1768	0.3435
1768.033333	1E-16
1772	0.3435
1772.033333	1E-16
1776	0.3435
1776.033333	1E-16
1780	0.3435
1780.033333	1E-16
1784	0.3435
1784.033333	1E-16
1788	0.3435
1788.033333	1E-16
1792	0.3435
1792.033333	1E-16
1796	0.3435
1796.033333	1E-16
1800	0.3435
1800.033333	1E-16
1804	0.3435
1804.033333	1E-16
1808	0.3435
1808.033333	1E-16
1812	0.3435
1812.033333	1E-16
1816	0.3435
1816.033333	1E-16
1820	0.3435
1820.033333	1E-16
1824	0.3435
1824.033333	1E-16
1828	0.3435
1828.033333	1E-16
1832	0.3435
1832.033333	1E-16
1836	0.3435
1836.033333	1E-16
1840	0.3435
1840.033333	1E-16
1844	0.3435
1844.033333	1E-16
1848	0.3451
1848.033333	1E-16
1852	0.3451
1852.033333	1E-16
1856	0.3451
1856.033333	1E-16
1860	0.3451
1860.033333	1E-16
1864	0.3451
1864.033333	1E-16
1868	0.3451
1868.033333	1E-16
1872	0.3451
1872.033333	1E-16
1876	0.3451
1876.033333	1E-16
1880	0.3451
1880.033333	1E-16
1884	0.3451
1884.033333	1E-16
1888	0.3451
1888.033333	1E-16
1892	0.3451
1892.033333	1E-16
1896	0.3451
1896.033333	1E-16
1900	0.3451
1900.033333	1E-16
1904	0.3451
1904.033333	1E-16
1908	0.3451
1908.033333	1E-16
1912	0.3451
1912.033333	1E-16
1916	0.3451
1916.033333	1E-16
1920	0.3451
1920.033333	1E-16
1924	0.3451
1924.033333	1E-16
1928	0.3451
1928.033333	1E-16
1932	0.3451
1932.033333	1E-16
1936	0.3451
1936.033333	1E-16
1940	0.3451
1940.033333	1E-16
1944	0.3451
1944.033333	1E-16
1948	0.3451
1948.033333	1E-16
1952	0.3451
1952.033333	1E-16
1956	0.3451
1956.033333	1E-16
1960	0.3451
1960.033333	1E-16
1964	0.3451
1964.033333	1E-16
1968	0.3451
1968.033333	1E-16
1972	0.3451
1972.033333	1E-16
1976	0.3451
1976.033333	1E-16
1980	0.3451
1980.033333	1E-16
1984	0.3451
1984.033333	1E-16
1988	0.3451
1988.033333	1E-16
1992	0.3451
1992.033333	1E-16
1996	0.3451
1996.033333	1E-16
2000	0.3451
2000.033333	1E-16
2004	0.3451
2004.033333	1E-16
2008	0.3451
2008.033333	1E-16
2012	0.3451
2012.033333	1E-16
2016	0.3451
2016.033333	1E-16
2020	0.3451
2020.033333	1E-16
2024	0.3451
2024.033333	1E-16
2028	0.3451
2028.033333	1E-16
2032	0.3451
2032.033333	1E-16
2036	0.3451
2036.033333	1E-16
2040	0.325
2040.033333	1E-16
2044	0.325
2044.033333	1E-16
2048	0.325
2048.033333	1E-16
2052	0.325
2052.033333	1E-16
2056	0.325
2056.033333	1E-16
2060	0.325
2060.033333	1E-16
2064	0.325
2064.033333	1E-16
2068	0.325
2068.033333	1E-16
2072	0.325
2072.033333	1E-16
2076	0.325
2076.033333	1E-16
2080	0.325
2080.033333	1E-16
2084	0.325
2084.033333	1E-16
2088	0.325
2088.033333	1E-16
2092	0.325
2092.033333	1E-16
2096	0.325
2096.033333	1E-16
2100	0.325
2100.033333	1E-16
2104	0.325
2104.033333	1E-16
2108	0.325
2108.033333	1E-16
2112	0.325
2112.033333	1E-16
2116	0.325
2116.033333	1E-16
2120	0.325
2120.033333	1E-16
2124	0.325
2124.033333	1E-16
2128	0.325
2128.033333	1E-16
2132	0.325
2132.033333	1E-16
2136	0.325
2136.033333	1E-16
2140	0.325
2140.033333	1E-16
2144	0.325
2144.033333	1E-16
2148	0.325
2148.033333	1E-16
2152	0.325
2152.033333	1E-16
2156	0.325
2156.033333	1E-16
2160	0.325
2160.033333	1E-16
2164	0.325
2164.033333	1E-16
2168	0.325
2168.033333	1E-16
2172	0.325
2172.033333	1E-16
2176	0.325
2176.033333	1E-16
2180	0.325
2180.033333	1E-16
2184	0.325
2184.033333	1E-16
2188	0.325
2188.033333	1E-16
2192	0.325
2192.033333	1E-16
2196	0.325
2196.033333	1E-16
2200	0.325
2200.033333	1E-16
2204	0.325
2204.033333	1E-16
2208	0.325
2208.033333	1E-16
2212	0.325
2212.033333	1E-16
2216	0.325
2216.033333	1E-16
2220	0.325
2220.033333	1E-16
2224	0.325
2224.033333	1E-16
2228	0.325
2228.033333	1E-16
2232	0.3282
2232.033333	1E-16
2236	0.3282
2236.033333	1E-16
2240	0.3282
2240.033333	1E-16
2244	0.3282
2244.033333	1E-16
2248	0.3282
2248.033333	1E-16
2252	0.3282
2252.033333	1E-16
2256	0.3123
2256.033333	1E-16
2260	0.3123
2260.033333	1E-16
2264	0.3123
2264.033333	1E-16
2268	0.3123
2268.033333	1E-16
2272	0.3123
2272.033333	1E-16
2276	0.3123
2276.033333	1E-16
2280	0.3123
2280.033333	1E-16
2284	0.3123
2284.033333	1E-16
2288	0.3123
2288.033333	1E-16
2292	0.3123
2292.033333	1E-16
2296	0.3123
2296.033333	1E-16
2300	0.3123
2300.033333	1E-16
2304	0.3123
2304.033333	1E-16
2308	0.3123
2308.033333	1E-16
2312	0.3123
2312.033333	1E-16
2316	0.3123
2316.033333	1E-16
2320	0.3123
2320.033333	1E-16
2324	0.3123
2324.033333	1E-16
2328	0.3123
2328.033333	1E-16
2332	0.3123
2332.033333	1E-16
2336	0.3123
2336.033333	1E-16
2340	0.3123
2340.033333	1E-16
2344	0.3123
2344.033333	1E-16
2348	0.3123
2348.033333	1E-16
2352	0.3123



