#1
float Setpoints(3024,3)
0 0.33186000 0.83584000
1 0.33186000 0.83584000
2 0.33186000 0.83584000
3 0.33186000 0.83584000
4 0.33186000 0.83584000
5 0.33186000 0.83584000
6 0.33186000 0.83584000
7 0.33186000 0.83584000
8 0.33186000 0.83584000
9 0.33186000 0.83584000
10 0.33186000 0.83584000
11 0.33186000 0.83584000
12 0.33186000 0.83584000
13 0.33186000 0.83584000
14 0.33186000 0.83584000
15 0.33186000 0.83584000
16 0.33186000 0.83584000
17 0.33186000 0.83584000
18 0.33186000 0.83584000
19 0.33186000 0.83584000
20 0.33186000 0.83584000
21 0.33186000 0.83584000
22 0.33186000 0.83584000
23 0.33186000 0.83584000
24 0.33186000 0.83584000
25 0.33186000 0.83584000
26 0.33186000 0.83584000
27 0.33186000 0.83584000
28 0.33186000 0.83584000
29 0.33186000 0.83584000
30 0.33186000 0.83584000
31 0.33186000 0.83584000
32 0.33186000 0.83584000
33 0.33186000 0.83584000
34 0.33186000 0.83584000
35 0.33186000 0.83584000
36 0.33186000 0.83584000
37 0.33186000 0.83584000
38 0.33186000 0.83584000
39 0.33186000 0.83584000
40 0.33186000 0.83584000
41 0.33186000 0.83584000
42 0.33186000 0.83584000
43 0.33186000 0.83584000
44 0.33186000 0.83584000
45 0.33186000 0.83584000
46 0.33186000 0.83584000
47 0.33186000 0.83584000
48 0.33186000 0.83584000
49 0.33186000 0.83584000
50 0.33186000 0.83584000
51 0.33186000 0.83584000
52 0.33186000 0.83584000
53 0.33186000 0.83584000
54 0.33186000 0.83584000
55 0.33186000 0.83584000
56 0.33186000 0.83584000
57 0.33186000 0.83584000
58 0.33186000 0.83584000
59 0.33186000 0.83584000
60 0.33186000 0.83584000
61 0.33186000 0.83584000
62 0.33186000 0.83584000
63 0.33186000 0.83584000
64 0.33186000 0.83584000
65 0.33186000 0.83584000
66 0.33186000 0.83584000
67 0.33186000 0.83584000
68 0.33186000 0.83584000
69 0.33186000 0.83584000
70 0.33186000 0.83584000
71 0.33186000 0.83584000
72 0.33186000 0.83584000
73 0.33186000 0.83584000
74 0.33186000 0.83584000
75 0.33186000 0.83584000
76 0.33186000 0.83584000
77 0.33186000 0.83584000
78 0.33186000 0.83584000
79 0.33186000 0.83584000
80 0.33186000 0.83584000
81 0.33186000 0.83584000
82 0.33186000 0.83584000
83 0.33186000 0.83584000
84 0.33186000 0.83584000
85 0.33186000 0.83584000
86 0.33186000 0.83584000
87 0.33186000 0.83584000
88 0.33186000 0.83584000
89 0.33186000 0.83584000
90 0.33186000 0.83584000
91 0.33186000 0.83584000
92 0.33186000 0.83584000
93 0.33186000 0.83584000
94 0.33186000 0.83584000
95 0.33186000 0.83584000
96 0.33186000 0.83584000
97 0.33186000 0.83584000
98 0.33186000 0.83584000
99 0.33186000 0.83584000
100 0.33186000 0.83584000
101 0.33186000 0.83584000
102 0.33186000 0.83584000
103 0.33186000 0.83584000
104 0.33186000 0.83584000
105 0.33186000 0.83584000
106 0.33186000 0.83584000
107 0.33186000 0.83584000
108 0.33186000 0.83584000
109 0.33186000 0.83584000
110 0.33186000 0.83584000
111 0.33186000 0.83584000
112 0.33186000 0.83584000
113 0.33186000 0.83584000
114 0.33186000 0.83584000
115 0.33186000 0.83584000
116 0.33186000 0.83584000
117 0.33186000 0.83584000
118 0.33186000 0.83584000
119 0.33186000 0.83584000
120 0.33186000 0.83584000
121 0.33186000 0.83584000
122 0.33186000 0.83584000
123 0.33186000 0.83584000
124 0.33186000 0.83584000
125 0.33186000 0.83584000
126 0.33186000 0.83584000
127 0.33186000 0.83584000
128 0.33186000 0.83584000
129 0.33186000 0.83584000
130 0.33186000 0.83584000
131 0.33186000 0.83584000
132 0.33186000 0.83584000
133 0.33186000 0.83584000
134 0.33186000 0.83584000
135 0.33186000 0.83584000
136 0.33186000 0.83584000
137 0.33186000 0.83584000
138 0.33186000 0.83584000
139 0.33186000 0.83584000
140 0.33186000 0.83584000
141 0.33186000 0.83584000
142 0.33186000 0.83584000
143 0.33186000 0.83584000
144 0.33186000 0.83584000
145 0.33186000 0.83584000
146 0.33186000 0.83584000
147 0.33186000 0.83584000
148 0.33186000 0.83584000
149 0.33186000 0.83584000
150 0.33186000 0.83584000
151 0.33186000 0.83584000
152 0.33186000 0.83584000
153 0.33186000 0.83584000
154 0.33186000 0.83584000
155 0.33186000 0.83584000
156 0.33186000 0.83584000
157 0.33186000 0.83584000
158 0.33186000 0.83584000
159 0.33186000 0.83584000
160 0.33186000 0.83584000
161 0.33186000 0.83584000
162 0.33186000 0.83584000
163 0.33186000 0.83584000
164 0.33186000 0.83584000
165 0.33186000 0.83584000
166 0.33186000 0.83584000
167 0.33186000 0.83584000
168 0.33186000 0.83584000
169 0.33186000 0.83584000
170 0.33186000 0.83584000
171 0.33186000 0.83584000
172 0.33186000 0.83584000
173 0.33186000 0.83584000
174 0.33186000 0.83584000
175 0.33186000 0.83584000
176 0.33186000 0.83584000
177 0.33186000 0.83584000
178 0.33186000 0.83584000
179 0.33186000 0.83584000
180 0.33186000 0.83584000
181 0.33186000 0.83584000
182 0.33186000 0.83584000
183 0.33186000 0.83584000
184 0.33186000 0.83584000
185 0.33186000 0.83584000
186 0.33186000 0.83584000
187 0.33186000 0.83584000
188 0.33186000 0.83584000
189 0.33186000 0.83584000
190 0.33186000 0.83584000
191 0.33186000 0.83584000
192 0.33186000 0.83584000
193 0.33186000 0.83584000
194 0.33186000 0.83584000
195 0.33186000 0.83584000
196 0.33186000 0.83584000
197 0.33186000 0.83584000
198 0.33186000 0.83584000
199 0.33186000 0.83584000
200 0.33186000 0.83584000
201 0.33186000 0.83584000
202 0.33186000 0.83584000
203 0.33186000 0.83584000
204 0.33186000 0.83584000
205 0.33186000 0.83584000
206 0.33186000 0.83584000
207 0.33186000 0.83584000
208 0.33186000 0.83584000
209 0.33186000 0.83584000
210 0.33186000 0.83584000
211 0.33186000 0.83584000
212 0.33186000 0.83584000
213 0.33186000 0.83584000
214 0.33186000 0.83584000
215 0.33186000 0.83584000
216 0.33186000 0.83584000
217 0.33186000 0.83584000
218 0.33186000 0.83584000
219 0.33186000 0.83584000
220 0.33186000 0.83584000
221 0.33186000 0.83584000
222 0.33186000 0.83584000
223 0.33186000 0.83584000
224 0.33186000 0.83584000
225 0.33186000 0.83584000
226 0.33186000 0.83584000
227 0.33186000 0.83584000
228 0.33186000 0.83584000
229 0.33186000 0.83584000
230 0.33186000 0.83584000
231 0.33186000 0.83584000
232 0.33186000 0.83584000
233 0.33186000 0.83584000
234 0.33186000 0.83584000
235 0.33186000 0.83584000
236 0.33186000 0.83584000
237 0.33186000 0.83584000
238 0.33186000 0.83584000
239 0.33186000 0.83584000
240 0.33186000 0.83584000
241 0.33186000 0.83584000
242 0.33186000 0.83584000
243 0.33186000 0.83584000
244 0.33186000 0.83584000
245 0.33186000 0.83584000
246 0.33186000 0.83584000
247 0.33186000 0.83584000
248 0.33186000 0.83584000
249 0.33186000 0.83584000
250 0.33186000 0.83584000
251 0.33186000 0.83584000
252 0.33186000 0.83584000
253 0.33186000 0.83584000
254 0.33186000 0.83584000
255 0.33186000 0.83584000
256 0.33186000 0.83584000
257 0.33186000 0.83584000
258 0.33186000 0.83584000
259 0.33186000 0.83584000
260 0.33186000 0.83584000
261 0.33186000 0.83584000
262 0.33186000 0.83584000
263 0.33186000 0.83584000
264 0.33186000 0.83584000
265 0.33186000 0.83584000
266 0.33186000 0.83584000
267 0.33186000 0.83584000
268 0.33186000 0.83584000
269 0.33186000 0.83584000
270 0.33186000 0.83584000
271 0.33186000 0.83584000
272 0.33186000 0.83584000
273 0.33186000 0.83584000
274 0.33186000 0.83584000
275 0.33186000 0.83584000
276 0.33186000 0.83584000
277 0.33186000 0.83584000
278 0.33186000 0.83584000
279 0.33186000 0.83584000
280 0.33186000 0.83584000
281 0.33186000 0.83584000
282 0.33186000 0.83584000
283 0.33186000 0.83584000
284 0.33186000 0.83584000
285 0.33186000 0.83584000
286 0.33186000 0.83584000
287 0.33186000 0.83584000
288 0.33186000 0.83584000
289 0.33186000 0.83584000
290 0.33186000 0.83584000
291 0.33186000 0.83584000
292 0.33186000 0.83584000
293 0.33186000 0.83584000
294 0.33186000 0.83584000
295 0.33186000 0.83584000
296 0.33186000 0.83584000
297 0.33186000 0.83584000
298 0.33186000 0.83584000
299 0.33186000 0.83584000
300 0.33186000 0.83584000
301 0.33186000 0.83584000
302 0.33186000 0.83584000
303 0.33186000 0.83584000
304 0.33186000 0.83584000
305 0.33186000 0.83584000
306 0.33186000 0.83584000
307 0.33186000 0.83584000
308 0.33186000 0.83584000
309 0.33186000 0.83584000
310 0.33186000 0.83584000
311 0.33186000 0.83584000
312 0.33186000 0.83584000
313 0.33186000 0.83584000
314 0.33186000 0.83584000
315 0.33186000 0.83584000
316 0.33186000 0.83584000
317 0.33186000 0.83584000
318 0.33186000 0.83584000
319 0.33186000 0.83584000
320 0.33186000 0.83584000
321 0.33186000 0.83584000
322 0.33186000 0.83584000
323 0.33186000 0.83584000
324 0.33186000 0.83584000
325 0.33186000 0.83584000
326 0.33186000 0.83584000
327 0.33186000 0.83584000
328 0.33186000 0.83584000
329 0.33186000 0.83584000
330 0.33186000 0.83584000
331 0.33186000 0.83584000
332 0.33186000 0.83584000
333 0.33186000 0.83584000
334 0.33186000 0.83584000
335 0.33186000 0.83584000
336 0.33187000 0.83584000
337 0.33190000 0.83584000
338 0.33195000 0.83585000
339 0.33201000 0.83586000
340 0.33209000 0.83587000
341 0.33219000 0.83591000
342 0.33228000 0.83594000
343 0.33239000 0.83600000
344 0.33250000 0.83606000
345 0.33262000 0.83614000
346 0.33274000 0.83623000
347 0.33287000 0.83633000
348 0.33301000 0.83645000
349 0.33315000 0.83659000
350 0.33329000 0.83674000
351 0.33344000 0.83691000
352 0.33360000 0.83709000
353 0.33375000 0.83728000
354 0.33392000 0.83749000
355 0.33408000 0.83770000
356 0.33425000 0.83792000
357 0.33442000 0.83816000
358 0.33460000 0.83840000
359 0.33478000 0.83865000
360 0.33496000 0.83891000
361 0.33515000 0.83918000
362 0.33534000 0.83945000
363 0.33553000 0.83973000
364 0.33573000 0.84002000
365 0.33593000 0.84031000
366 0.33614000 0.84061000
367 0.33634000 0.84091000
368 0.33656000 0.84122000
369 0.33677000 0.84152000
370 0.33699000 0.84184000
371 0.33721000 0.84215000
372 0.33743000 0.84247000
373 0.33765000 0.84279000
374 0.33788000 0.84311000
375 0.33811000 0.84343000
376 0.33835000 0.84375000
377 0.33859000 0.84408000
378 0.33883000 0.84440000
379 0.33907000 0.84473000
380 0.33932000 0.84505000
381 0.33956000 0.84538000
382 0.33982000 0.84570000
383 0.34007000 0.84603000
384 0.34032000 0.84635000
385 0.34058000 0.84667000
386 0.34084000 0.84700000
387 0.34110000 0.84732000
388 0.34137000 0.84764000
389 0.34164000 0.84796000
390 0.34190000 0.84827000
391 0.34218000 0.84859000
392 0.34245000 0.84890000
393 0.34273000 0.84922000
394 0.34300000 0.84953000
395 0.34328000 0.84984000
396 0.34357000 0.85014000
397 0.34385000 0.85045000
398 0.34414000 0.85075000
399 0.34443000 0.85105000
400 0.34472000 0.85135000
401 0.34501000 0.85165000
402 0.34530000 0.85194000
403 0.34560000 0.85223000
404 0.34590000 0.85252000
405 0.34620000 0.85281000
406 0.34650000 0.85309000
407 0.34680000 0.85338000
408 0.34710000 0.85366000
409 0.34741000 0.85394000
410 0.34772000 0.85421000
411 0.34803000 0.85448000
412 0.34834000 0.85476000
413 0.34865000 0.85502000
414 0.34897000 0.85529000
415 0.34928000 0.85556000
416 0.34960000 0.85582000
417 0.34992000 0.85608000
418 0.35024000 0.85633000
419 0.35056000 0.85659000
420 0.35088000 0.85684000
421 0.35120000 0.85709000
422 0.35153000 0.85734000
423 0.35185000 0.85759000
424 0.35218000 0.85783000
425 0.35251000 0.85807000
426 0.35284000 0.85831000
427 0.35317000 0.85855000
428 0.35350000 0.85879000
429 0.35383000 0.85902000
430 0.35417000 0.85925000
431 0.35450000 0.85948000
432 0.35484000 0.85971000
433 0.35517000 0.85993000
434 0.35551000 0.86016000
435 0.35585000 0.86038000
436 0.35619000 0.86060000
437 0.35653000 0.86082000
438 0.35687000 0.86103000
439 0.35721000 0.86125000
440 0.35756000 0.86146000
441 0.35790000 0.86167000
442 0.35825000 0.86188000
443 0.35859000 0.86209000
444 0.35894000 0.86230000
445 0.35929000 0.86250000
446 0.35964000 0.86270000
447 0.35998000 0.86290000
448 0.36033000 0.86310000
449 0.36068000 0.86330000
450 0.36104000 0.86350000
451 0.36139000 0.86370000
452 0.36174000 0.86389000
453 0.36209000 0.86408000
454 0.36245000 0.86427000
455 0.36280000 0.86446000
456 0.36316000 0.86465000
457 0.36351000 0.86484000
458 0.36387000 0.86502000
459 0.36423000 0.86521000
460 0.36458000 0.86539000
461 0.36494000 0.86557000
462 0.36530000 0.86576000
463 0.36566000 0.86594000
464 0.36602000 0.86611000
465 0.36638000 0.86629000
466 0.36674000 0.86647000
467 0.36710000 0.86664000
468 0.36746000 0.86682000
469 0.36783000 0.86699000
470 0.36819000 0.86716000
471 0.36855000 0.86733000
472 0.36892000 0.86750000
473 0.36928000 0.86767000
474 0.36964000 0.86784000
475 0.37001000 0.86801000
476 0.37038000 0.86817000
477 0.37074000 0.86834000
478 0.37111000 0.86850000
479 0.37147000 0.86866000
480 0.37184000 0.86883000
481 0.37221000 0.86899000
482 0.37258000 0.86915000
483 0.37295000 0.86931000
484 0.37331000 0.86947000
485 0.37368000 0.86962000
486 0.37405000 0.86978000
487 0.37442000 0.86994000
488 0.37479000 0.87009000
489 0.37516000 0.87025000
490 0.37553000 0.87040000
491 0.37590000 0.87056000
492 0.37628000 0.87071000
493 0.37665000 0.87086000
494 0.37702000 0.87101000
495 0.37739000 0.87116000
496 0.37776000 0.87131000
497 0.37814000 0.87146000
498 0.37851000 0.87161000
499 0.37888000 0.87176000
500 0.37926000 0.87190000
501 0.37963000 0.87205000
502 0.38001000 0.87219000
503 0.38038000 0.87234000
504 0.38076000 0.87248000
505 0.38113000 0.87263000
506 0.38151000 0.87277000
507 0.38188000 0.87291000
508 0.38226000 0.87305000
509 0.38263000 0.87320000
510 0.38301000 0.87334000
511 0.38339000 0.87348000
512 0.38376000 0.87362000
513 0.38414000 0.87376000
514 0.38452000 0.87389000
515 0.38490000 0.87403000
516 0.38527000 0.87417000
517 0.38565000 0.87431000
518 0.38603000 0.87444000
519 0.38641000 0.87458000
520 0.38679000 0.87471000
521 0.38717000 0.87485000
522 0.38754000 0.87498000
523 0.38792000 0.87512000
524 0.38830000 0.87525000
525 0.38868000 0.87538000
526 0.38906000 0.87551000
527 0.38944000 0.87565000
528 0.38982000 0.87578000
529 0.39020000 0.87591000
530 0.39058000 0.87604000
531 0.39096000 0.87617000
532 0.39134000 0.87630000
533 0.39172000 0.87643000
534 0.39210000 0.87656000
535 0.39249000 0.87668000
536 0.39287000 0.87681000
537 0.39325000 0.87694000
538 0.39363000 0.87707000
539 0.39401000 0.87719000
540 0.39439000 0.87732000
541 0.39478000 0.87744000
542 0.39516000 0.87757000
543 0.39554000 0.87770000
544 0.39592000 0.87782000
545 0.39631000 0.87794000
546 0.39669000 0.87807000
547 0.39707000 0.87819000
548 0.39745000 0.87831000
549 0.39784000 0.87844000
550 0.39822000 0.87856000
551 0.39860000 0.87868000
552 0.39899000 0.87880000
553 0.39937000 0.87892000
554 0.39976000 0.87904000
555 0.40014000 0.87916000
556 0.40052000 0.87928000
557 0.40091000 0.87940000
558 0.40129000 0.87952000
559 0.40168000 0.87964000
560 0.40206000 0.87976000
561 0.40244000 0.87988000
562 0.40283000 0.88000000
563 0.40321000 0.88011000
564 0.40360000 0.88023000
565 0.40398000 0.88035000
566 0.40437000 0.88047000
567 0.40475000 0.88058000
568 0.40514000 0.88070000
569 0.40552000 0.88081000
570 0.40591000 0.88093000
571 0.40629000 0.88104000
572 0.40668000 0.88116000
573 0.40706000 0.88127000
574 0.40745000 0.88139000
575 0.40783000 0.88150000
576 0.40822000 0.88162000
577 0.40861000 0.88173000
578 0.40899000 0.88184000
579 0.40938000 0.88196000
580 0.40976000 0.88207000
581 0.41015000 0.88218000
582 0.41054000 0.88229000
583 0.41092000 0.88240000
584 0.41131000 0.88252000
585 0.41169000 0.88263000
586 0.41208000 0.88274000
587 0.41247000 0.88285000
588 0.41285000 0.88296000
589 0.41324000 0.88307000
590 0.41363000 0.88318000
591 0.41401000 0.88329000
592 0.41440000 0.88340000
593 0.41479000 0.88351000
594 0.41517000 0.88362000
595 0.41556000 0.88373000
596 0.41595000 0.88383000
597 0.41633000 0.88394000
598 0.41672000 0.88405000
599 0.41711000 0.88416000
600 0.41750000 0.88427000
601 0.41788000 0.88437000
602 0.41827000 0.88448000
603 0.41866000 0.88459000
604 0.41904000 0.88469000
605 0.41943000 0.88480000
606 0.41982000 0.88491000
607 0.42021000 0.88501000
608 0.42059000 0.88512000
609 0.42098000 0.88522000
610 0.42137000 0.88533000
611 0.42176000 0.88543000
612 0.42214000 0.88554000
613 0.42253000 0.88564000
614 0.42292000 0.88575000
615 0.42331000 0.88585000
616 0.42369000 0.88596000
617 0.42408000 0.88606000
618 0.42447000 0.88616000
619 0.42486000 0.88627000
620 0.42524000 0.88637000
621 0.42563000 0.88647000
622 0.42602000 0.88658000
623 0.42641000 0.88668000
624 0.42680000 0.88678000
625 0.42718000 0.88688000
626 0.42757000 0.88699000
627 0.42796000 0.88709000
628 0.42835000 0.88719000
629 0.42873000 0.88729000
630 0.42912000 0.88739000
631 0.42951000 0.88749000
632 0.42990000 0.88760000
633 0.43029000 0.88770000
634 0.43067000 0.88780000
635 0.43106000 0.88790000
636 0.43145000 0.88800000
637 0.43184000 0.88810000
638 0.43222000 0.88820000
639 0.43261000 0.88830000
640 0.43300000 0.88840000
641 0.43339000 0.88850000
642 0.43378000 0.88860000
643 0.43416000 0.88870000
644 0.43455000 0.88880000
645 0.43494000 0.88890000
646 0.43533000 0.88899000
647 0.43571000 0.88909000
648 0.43610000 0.88919000
649 0.43649000 0.88929000
650 0.43688000 0.88939000
651 0.43727000 0.88949000
652 0.43765000 0.88959000
653 0.43804000 0.88968000
654 0.43843000 0.88978000
655 0.43882000 0.88988000
656 0.43920000 0.88998000
657 0.43959000 0.89007000
658 0.43998000 0.89017000
659 0.44037000 0.89027000
660 0.44075000 0.89037000
661 0.44114000 0.89046000
662 0.44153000 0.89056000
663 0.44192000 0.89066000
664 0.44230000 0.89075000
665 0.44269000 0.89085000
666 0.44308000 0.89095000
667 0.44347000 0.89104000
668 0.44385000 0.89114000
669 0.44424000 0.89124000
670 0.44463000 0.89133000
671 0.44502000 0.89143000
672 0.44540000 0.89152000
673 0.44575000 0.89162000
674 0.44609000 0.89171000
675 0.44642000 0.89179000
676 0.44673000 0.89186000
677 0.44704000 0.89192000
678 0.44734000 0.89197000
679 0.44764000 0.89200000
680 0.44794000 0.89202000
681 0.44823000 0.89202000
682 0.44851000 0.89200000
683 0.44880000 0.89196000
684 0.44908000 0.89191000
685 0.44936000 0.89185000
686 0.44964000 0.89177000
687 0.44991000 0.89168000
688 0.45019000 0.89157000
689 0.45046000 0.89145000
690 0.45073000 0.89132000
691 0.45100000 0.89118000
692 0.45126000 0.89103000
693 0.45153000 0.89087000
694 0.45179000 0.89070000
695 0.45205000 0.89052000
696 0.45231000 0.89033000
697 0.45256000 0.89014000
698 0.45281000 0.88994000
699 0.45306000 0.88974000
700 0.45331000 0.88953000
701 0.45356000 0.88932000
702 0.45380000 0.88910000
703 0.45404000 0.88888000
704 0.45428000 0.88865000
705 0.45451000 0.88843000
706 0.45475000 0.88819000
707 0.45498000 0.88796000
708 0.45520000 0.88773000
709 0.45543000 0.88749000
710 0.45565000 0.88725000
711 0.45587000 0.88702000
712 0.45609000 0.88678000
713 0.45631000 0.88654000
714 0.45652000 0.88630000
715 0.45673000 0.88606000
716 0.45694000 0.88582000
717 0.45714000 0.88558000
718 0.45734000 0.88534000
719 0.45754000 0.88510000
720 0.45774000 0.88486000
721 0.45794000 0.88462000
722 0.45813000 0.88438000
723 0.45832000 0.88415000
724 0.45851000 0.88392000
725 0.45869000 0.88368000
726 0.45887000 0.88345000
727 0.45905000 0.88322000
728 0.45923000 0.88299000
729 0.45941000 0.88277000
730 0.45958000 0.88254000
731 0.45975000 0.88232000
732 0.45992000 0.88210000
733 0.46008000 0.88188000
734 0.46025000 0.88166000
735 0.46041000 0.88145000
736 0.46057000 0.88123000
737 0.46073000 0.88102000
738 0.46088000 0.88081000
739 0.46103000 0.88061000
740 0.46118000 0.88040000
741 0.46133000 0.88020000
742 0.46148000 0.88000000
743 0.46162000 0.87980000
744 0.46176000 0.87961000
745 0.46190000 0.87942000
746 0.46204000 0.87922000
747 0.46218000 0.87904000
748 0.46231000 0.87885000
749 0.46244000 0.87867000
750 0.46257000 0.87849000
751 0.46270000 0.87831000
752 0.46283000 0.87813000
753 0.46295000 0.87796000
754 0.46307000 0.87778000
755 0.46319000 0.87762000
756 0.46331000 0.87745000
757 0.46343000 0.87728000
758 0.46354000 0.87712000
759 0.46366000 0.87696000
760 0.46377000 0.87680000
761 0.46388000 0.87665000
762 0.46399000 0.87649000
763 0.46409000 0.87634000
764 0.46420000 0.87619000
765 0.46430000 0.87605000
766 0.46440000 0.87590000
767 0.46450000 0.87576000
768 0.46460000 0.87562000
769 0.46469000 0.87549000
770 0.46479000 0.87535000
771 0.46488000 0.87522000
772 0.46497000 0.87509000
773 0.46506000 0.87496000
774 0.46515000 0.87483000
775 0.46524000 0.87471000
776 0.46533000 0.87459000
777 0.46541000 0.87446000
778 0.46549000 0.87435000
779 0.46558000 0.87423000
780 0.46566000 0.87412000
781 0.46574000 0.87400000
782 0.46581000 0.87389000
783 0.46589000 0.87379000
784 0.46596000 0.87368000
785 0.46604000 0.87358000
786 0.46611000 0.87347000
787 0.46618000 0.87337000
788 0.46625000 0.87327000
789 0.46632000 0.87318000
790 0.46639000 0.87308000
791 0.46645000 0.87299000
792 0.46652000 0.87290000
793 0.46658000 0.87281000
794 0.46665000 0.87272000
795 0.46671000 0.87263000
796 0.46677000 0.87255000
797 0.46683000 0.87247000
798 0.46689000 0.87239000
799 0.46695000 0.87231000
800 0.46700000 0.87223000
801 0.46706000 0.87215000
802 0.46711000 0.87208000
803 0.46717000 0.87201000
804 0.46722000 0.87193000
805 0.46727000 0.87186000
806 0.46732000 0.87180000
807 0.46737000 0.87173000
808 0.46742000 0.87166000
809 0.46747000 0.87160000
810 0.46751000 0.87154000
811 0.46756000 0.87147000
812 0.46760000 0.87142000
813 0.46765000 0.87136000
814 0.46769000 0.87130000
815 0.46774000 0.87124000
816 0.46778000 0.87119000
817 0.46782000 0.87114000
818 0.46786000 0.87108000
819 0.46790000 0.87103000
820 0.46794000 0.87098000
821 0.46797000 0.87094000
822 0.46801000 0.87089000
823 0.46805000 0.87084000
824 0.46808000 0.87080000
825 0.46812000 0.87075000
826 0.46815000 0.87071000
827 0.46819000 0.87067000
828 0.46822000 0.87063000
829 0.46825000 0.87059000
830 0.46828000 0.87055000
831 0.46832000 0.87052000
832 0.46835000 0.87048000
833 0.46838000 0.87045000
834 0.46840000 0.87041000
835 0.46843000 0.87038000
836 0.46846000 0.87035000
837 0.46849000 0.87031000
838 0.46852000 0.87028000
839 0.46854000 0.87026000
840 0.46857000 0.87023000
841 0.46859000 0.87020000
842 0.46862000 0.87017000
843 0.46864000 0.87015000
844 0.46867000 0.87012000
845 0.46869000 0.87010000
846 0.46871000 0.87007000
847 0.46873000 0.87005000
848 0.46876000 0.87003000
849 0.46878000 0.87001000
850 0.46880000 0.86999000
851 0.46882000 0.86997000
852 0.46884000 0.86995000
853 0.46886000 0.86993000
854 0.46888000 0.86991000
855 0.46890000 0.86990000
856 0.46892000 0.86988000
857 0.46893000 0.86987000
858 0.46895000 0.86985000
859 0.46897000 0.86984000
860 0.46899000 0.86982000
861 0.46900000 0.86981000
862 0.46902000 0.86980000
863 0.46903000 0.86978000
864 0.46905000 0.86977000
865 0.46906000 0.86976000
866 0.46908000 0.86975000
867 0.46909000 0.86974000
868 0.46911000 0.86973000
869 0.46912000 0.86972000
870 0.46913000 0.86972000
871 0.46915000 0.86971000
872 0.46916000 0.86970000
873 0.46917000 0.86969000
874 0.46919000 0.86969000
875 0.46920000 0.86968000
876 0.46921000 0.86968000
877 0.46922000 0.86967000
878 0.46923000 0.86967000
879 0.46924000 0.86966000
880 0.46925000 0.86966000
881 0.46927000 0.86965000
882 0.46928000 0.86965000
883 0.46929000 0.86965000
884 0.46930000 0.86965000
885 0.46930000 0.86964000
886 0.46931000 0.86964000
887 0.46932000 0.86964000
888 0.46933000 0.86964000
889 0.46934000 0.86964000
890 0.46935000 0.86964000
891 0.46936000 0.86964000
892 0.46937000 0.86964000
893 0.46937000 0.86964000
894 0.46938000 0.86964000
895 0.46939000 0.86964000
896 0.46940000 0.86964000
897 0.46941000 0.86964000
898 0.46941000 0.86964000
899 0.46942000 0.86965000
900 0.46943000 0.86965000
901 0.46943000 0.86965000
902 0.46944000 0.86965000
903 0.46945000 0.86966000
904 0.46945000 0.86966000
905 0.46946000 0.86966000
906 0.46946000 0.86967000
907 0.46947000 0.86967000
908 0.46948000 0.86967000
909 0.46948000 0.86968000
910 0.46949000 0.86968000
911 0.46949000 0.86969000
912 0.46950000 0.86969000
913 0.46950000 0.86969000
914 0.46951000 0.86970000
915 0.46951000 0.86970000
916 0.46952000 0.86971000
917 0.46952000 0.86971000
918 0.46953000 0.86972000
919 0.46953000 0.86973000
920 0.46954000 0.86973000
921 0.46954000 0.86974000
922 0.46954000 0.86974000
923 0.46955000 0.86975000
924 0.46955000 0.86975000
925 0.46956000 0.86976000
926 0.46956000 0.86977000
927 0.46956000 0.86977000
928 0.46957000 0.86978000
929 0.46957000 0.86979000
930 0.46958000 0.86979000
931 0.46958000 0.86980000
932 0.46958000 0.86981000
933 0.46959000 0.86981000
934 0.46959000 0.86982000
935 0.46959000 0.86983000
936 0.46960000 0.86983000
937 0.46960000 0.86984000
938 0.46960000 0.86985000
939 0.46961000 0.86985000
940 0.46961000 0.86986000
941 0.46961000 0.86987000
942 0.46961000 0.86988000
943 0.46962000 0.86988000
944 0.46962000 0.86989000
945 0.46962000 0.86990000
946 0.46962000 0.86990000
947 0.46963000 0.86991000
948 0.46963000 0.86992000
949 0.46963000 0.86993000
950 0.46964000 0.86993000
951 0.46964000 0.86994000
952 0.46964000 0.86995000
953 0.46964000 0.86996000
954 0.46965000 0.86997000
955 0.46965000 0.86997000
956 0.46965000 0.86998000
957 0.46965000 0.86999000
958 0.46965000 0.87000000
959 0.46966000 0.87000000
960 0.46966000 0.87001000
961 0.46966000 0.87002000
962 0.46966000 0.87003000
963 0.46966000 0.87003000
964 0.46967000 0.87004000
965 0.46967000 0.87005000
966 0.46967000 0.87006000
967 0.46967000 0.87007000
968 0.46968000 0.87007000
969 0.46968000 0.87008000
970 0.46968000 0.87009000
971 0.46968000 0.87010000
972 0.46968000 0.87010000
973 0.46968000 0.87011000
974 0.46969000 0.87012000
975 0.46969000 0.87013000
976 0.46969000 0.87013000
977 0.46969000 0.87014000
978 0.46969000 0.87015000
979 0.46970000 0.87016000
980 0.46970000 0.87016000
981 0.46970000 0.87017000
982 0.46970000 0.87018000
983 0.46970000 0.87019000
984 0.46970000 0.87019000
985 0.46971000 0.87020000
986 0.46971000 0.87021000
987 0.46971000 0.87022000
988 0.46971000 0.87022000
989 0.46971000 0.87023000
990 0.46971000 0.87024000
991 0.46972000 0.87025000
992 0.46972000 0.87025000
993 0.46972000 0.87026000
994 0.46972000 0.87027000
995 0.46972000 0.87027000
996 0.46972000 0.87028000
997 0.46973000 0.87029000
998 0.46973000 0.87030000
999 0.46973000 0.87030000
1000 0.46973000 0.87031000
1001 0.46973000 0.87032000
1002 0.46973000 0.87032000
1003 0.46973000 0.87033000
1004 0.46974000 0.87034000
1005 0.46974000 0.87034000
1006 0.46974000 0.87035000
1007 0.46974000 0.87036000
1008 0.46974000 0.87036000
1009 0.46974000 0.87037000
1010 0.46975000 0.87038000
1011 0.46975000 0.87039000
1012 0.46975000 0.87039000
1013 0.46975000 0.87040000
1014 0.46975000 0.87040000
1015 0.46975000 0.87041000
1016 0.46975000 0.87042000
1017 0.46976000 0.87042000
1018 0.46976000 0.87043000
1019 0.46976000 0.87044000
1020 0.46976000 0.87044000
1021 0.46976000 0.87045000
1022 0.46976000 0.87046000
1023 0.46976000 0.87046000
1024 0.46977000 0.87047000
1025 0.46977000 0.87048000
1026 0.46977000 0.87048000
1027 0.46977000 0.87049000
1028 0.46977000 0.87049000
1029 0.46977000 0.87050000
1030 0.46978000 0.87051000
1031 0.46978000 0.87051000
1032 0.46978000 0.87052000
1033 0.46978000 0.87052000
1034 0.46978000 0.87053000
1035 0.46978000 0.87054000
1036 0.46978000 0.87054000
1037 0.46979000 0.87055000
1038 0.46979000 0.87055000
1039 0.46979000 0.87056000
1040 0.46979000 0.87056000
1041 0.46979000 0.87057000
1042 0.46979000 0.87058000
1043 0.46979000 0.87058000
1044 0.46980000 0.87059000
1045 0.46980000 0.87059000
1046 0.46980000 0.87060000
1047 0.46980000 0.87060000
1048 0.46980000 0.87061000
1049 0.46980000 0.87061000
1050 0.46980000 0.87062000
1051 0.46981000 0.87062000
1052 0.46981000 0.87063000
1053 0.46981000 0.87063000
1054 0.46981000 0.87064000
1055 0.46981000 0.87065000
1056 0.46981000 0.87065000
1057 0.46982000 0.87066000
1058 0.46982000 0.87066000
1059 0.46982000 0.87067000
1060 0.46982000 0.87067000
1061 0.46982000 0.87068000
1062 0.46982000 0.87068000
1063 0.46982000 0.87069000
1064 0.46983000 0.87069000
1065 0.46983000 0.87070000
1066 0.46983000 0.87070000
1067 0.46983000 0.87070000
1068 0.46983000 0.87071000
1069 0.46983000 0.87071000
1070 0.46983000 0.87072000
1071 0.46984000 0.87072000
1072 0.46984000 0.87073000
1073 0.46984000 0.87073000
1074 0.46984000 0.87074000
1075 0.46984000 0.87074000
1076 0.46984000 0.87075000
1077 0.46985000 0.87075000
1078 0.46985000 0.87076000
1079 0.46985000 0.87076000
1080 0.46985000 0.87076000
1081 0.46985000 0.87077000
1082 0.46985000 0.87077000
1083 0.46985000 0.87078000
1084 0.46986000 0.87078000
1085 0.46986000 0.87079000
1086 0.46986000 0.87079000
1087 0.46986000 0.87079000
1088 0.46986000 0.87080000
1089 0.46986000 0.87080000
1090 0.46987000 0.87081000
1091 0.46987000 0.87081000
1092 0.46987000 0.87081000
1093 0.46987000 0.87082000
1094 0.46987000 0.87082000
1095 0.46987000 0.87083000
1096 0.46987000 0.87083000
1097 0.46988000 0.87083000
1098 0.46988000 0.87084000
1099 0.46988000 0.87084000
1100 0.46988000 0.87085000
1101 0.46988000 0.87085000
1102 0.46988000 0.87085000
1103 0.46989000 0.87086000
1104 0.46989000 0.87086000
1105 0.46989000 0.87087000
1106 0.46989000 0.87087000
1107 0.46989000 0.87087000
1108 0.46989000 0.87088000
1109 0.46989000 0.87088000
1110 0.46990000 0.87088000
1111 0.46990000 0.87089000
1112 0.46990000 0.87089000
1113 0.46990000 0.87089000
1114 0.46990000 0.87090000
1115 0.46990000 0.87090000
1116 0.46991000 0.87090000
1117 0.46991000 0.87091000
1118 0.46991000 0.87091000
1119 0.46991000 0.87091000
1120 0.46991000 0.87092000
1121 0.46991000 0.87092000
1122 0.46991000 0.87092000
1123 0.46992000 0.87093000
1124 0.46992000 0.87093000
1125 0.46992000 0.87093000
1126 0.46992000 0.87094000
1127 0.46992000 0.87094000
1128 0.46992000 0.87094000
1129 0.46993000 0.87095000
1130 0.46993000 0.87095000
1131 0.46993000 0.87095000
1132 0.46993000 0.87096000
1133 0.46993000 0.87096000
1134 0.46993000 0.87096000
1135 0.46993000 0.87097000
1136 0.46994000 0.87097000
1137 0.46994000 0.87097000
1138 0.46994000 0.87097000
1139 0.46994000 0.87098000
1140 0.46994000 0.87098000
1141 0.46994000 0.87098000
1142 0.46995000 0.87099000
1143 0.46995000 0.87099000
1144 0.46995000 0.87099000
1145 0.46995000 0.87099000
1146 0.46995000 0.87100000
1147 0.46995000 0.87100000
1148 0.46995000 0.87100000
1149 0.46996000 0.87101000
1150 0.46996000 0.87101000
1151 0.46996000 0.87101000
1152 0.46996000 0.87101000
1153 0.46996000 0.87102000
1154 0.46996000 0.87102000
1155 0.46997000 0.87102000
1156 0.46997000 0.87102000
1157 0.46997000 0.87103000
1158 0.46997000 0.87103000
1159 0.46997000 0.87103000
1160 0.46997000 0.87104000
1161 0.46997000 0.87104000
1162 0.46998000 0.87104000
1163 0.46998000 0.87104000
1164 0.46998000 0.87105000
1165 0.46998000 0.87105000
1166 0.46998000 0.87105000
1167 0.46998000 0.87105000
1168 0.46999000 0.87106000
1169 0.46999000 0.87106000
1170 0.46999000 0.87106000
1171 0.46999000 0.87106000
1172 0.46999000 0.87106000
1173 0.46999000 0.87107000
1174 0.46999000 0.87107000
1175 0.47000000 0.87107000
1176 0.47000000 0.87107000
1177 0.47000000 0.87108000
1178 0.47000000 0.87108000
1179 0.47000000 0.87108000
1180 0.47000000 0.87108000
1181 0.47001000 0.87109000
1182 0.47001000 0.87109000
1183 0.47001000 0.87109000
1184 0.47001000 0.87109000
1185 0.47001000 0.87109000
1186 0.47001000 0.87110000
1187 0.47001000 0.87110000
1188 0.47002000 0.87110000
1189 0.47002000 0.87110000
1190 0.47002000 0.87110000
1191 0.47002000 0.87111000
1192 0.47002000 0.87111000
1193 0.47002000 0.87111000
1194 0.47003000 0.87111000
1195 0.47003000 0.87111000
1196 0.47003000 0.87112000
1197 0.47003000 0.87112000
1198 0.47003000 0.87112000
1199 0.47003000 0.87112000
1200 0.47003000 0.87112000
1201 0.47004000 0.87113000
1202 0.47004000 0.87113000
1203 0.47004000 0.87113000
1204 0.47004000 0.87113000
1205 0.47004000 0.87113000
1206 0.47004000 0.87114000
1207 0.47004000 0.87114000
1208 0.47005000 0.87114000
1209 0.47005000 0.87114000
1210 0.47005000 0.87114000
1211 0.47005000 0.87115000
1212 0.47005000 0.87115000
1213 0.47005000 0.87115000
1214 0.47006000 0.87115000
1215 0.47006000 0.87115000
1216 0.47006000 0.87115000
1217 0.47006000 0.87116000
1218 0.47006000 0.87116000
1219 0.47006000 0.87116000
1220 0.47006000 0.87116000
1221 0.47007000 0.87116000
1222 0.47007000 0.87117000
1223 0.47007000 0.87117000
1224 0.47007000 0.87117000
1225 0.47007000 0.87117000
1226 0.47007000 0.87117000
1227 0.47007000 0.87117000
1228 0.47008000 0.87118000
1229 0.47008000 0.87118000
1230 0.47008000 0.87118000
1231 0.47008000 0.87118000
1232 0.47008000 0.87118000
1233 0.47008000 0.87118000
1234 0.47008000 0.87118000
1235 0.47009000 0.87119000
1236 0.47009000 0.87119000
1237 0.47009000 0.87119000
1238 0.47009000 0.87119000
1239 0.47009000 0.87119000
1240 0.47009000 0.87119000
1241 0.47009000 0.87120000
1242 0.47010000 0.87120000
1243 0.47010000 0.87120000
1244 0.47010000 0.87120000
1245 0.47010000 0.87120000
1246 0.47010000 0.87120000
1247 0.47010000 0.87120000
1248 0.47010000 0.87121000
1249 0.47011000 0.87121000
1250 0.47011000 0.87121000
1251 0.47011000 0.87121000
1252 0.47011000 0.87121000
1253 0.47011000 0.87121000
1254 0.47011000 0.87121000
1255 0.47011000 0.87122000
1256 0.47012000 0.87122000
1257 0.47012000 0.87122000
1258 0.47012000 0.87122000
1259 0.47012000 0.87122000
1260 0.47012000 0.87122000
1261 0.47012000 0.87122000
1262 0.47012000 0.87122000
1263 0.47013000 0.87123000
1264 0.47013000 0.87123000
1265 0.47013000 0.87123000
1266 0.47013000 0.87123000
1267 0.47013000 0.87123000
1268 0.47013000 0.87123000
1269 0.47013000 0.87123000
1270 0.47014000 0.87124000
1271 0.47014000 0.87124000
1272 0.47014000 0.87124000
1273 0.47014000 0.87124000
1274 0.47014000 0.87124000
1275 0.47014000 0.87124000
1276 0.47014000 0.87124000
1277 0.47015000 0.87124000
1278 0.47015000 0.87124000
1279 0.47015000 0.87125000
1280 0.47015000 0.87125000
1281 0.47015000 0.87125000
1282 0.47015000 0.87125000
1283 0.47015000 0.87125000
1284 0.47015000 0.87125000
1285 0.47016000 0.87125000
1286 0.47016000 0.87125000
1287 0.47016000 0.87126000
1288 0.47016000 0.87126000
1289 0.47016000 0.87126000
1290 0.47016000 0.87126000
1291 0.47016000 0.87126000
1292 0.47017000 0.87126000
1293 0.47017000 0.87126000
1294 0.47017000 0.87126000
1295 0.47017000 0.87126000
1296 0.47017000 0.87127000
1297 0.47017000 0.87127000
1298 0.47017000 0.87127000
1299 0.47018000 0.87127000
1300 0.47018000 0.87127000
1301 0.47018000 0.87127000
1302 0.47018000 0.87127000
1303 0.47018000 0.87127000
1304 0.47018000 0.87127000
1305 0.47018000 0.87127000
1306 0.47018000 0.87128000
1307 0.47019000 0.87128000
1308 0.47019000 0.87128000
1309 0.47019000 0.87128000
1310 0.47019000 0.87128000
1311 0.47019000 0.87128000
1312 0.47019000 0.87128000
1313 0.47019000 0.87128000
1314 0.47019000 0.87128000
1315 0.47020000 0.87128000
1316 0.47020000 0.87128000
1317 0.47020000 0.87129000
1318 0.47020000 0.87129000
1319 0.47020000 0.87129000
1320 0.47020000 0.87129000
1321 0.47020000 0.87129000
1322 0.47020000 0.87129000
1323 0.47021000 0.87129000
1324 0.47021000 0.87129000
1325 0.47021000 0.87129000
1326 0.47021000 0.87129000
1327 0.47021000 0.87129000
1328 0.47021000 0.87130000
1329 0.47021000 0.87130000
1330 0.47021000 0.87130000
1331 0.47022000 0.87130000
1332 0.47022000 0.87130000
1333 0.47022000 0.87130000
1334 0.47022000 0.87130000
1335 0.47022000 0.87130000
1336 0.47022000 0.87130000
1337 0.47022000 0.87130000
1338 0.47022000 0.87130000
1339 0.47023000 0.87131000
1340 0.47023000 0.87131000
1341 0.47023000 0.87131000
1342 0.47023000 0.87131000
1343 0.47023000 0.87131000
1344 0.47023000 0.87131000
1345 0.47023000 0.87131000
1346 0.47023000 0.87131000
1347 0.47024000 0.87131000
1348 0.47024000 0.87131000
1349 0.47024000 0.87131000
1350 0.47024000 0.87131000
1351 0.47024000 0.87131000
1352 0.47024000 0.87132000
1353 0.47024000 0.87132000
1354 0.47024000 0.87132000
1355 0.47025000 0.87132000
1356 0.47025000 0.87132000
1357 0.47025000 0.87132000
1358 0.47025000 0.87132000
1359 0.47025000 0.87132000
1360 0.47025000 0.87132000
1361 0.47025000 0.87132000
1362 0.47025000 0.87132000
1363 0.47026000 0.87132000
1364 0.47026000 0.87132000
1365 0.47026000 0.87132000
1366 0.47026000 0.87133000
1367 0.47026000 0.87133000
1368 0.47026000 0.87133000
1369 0.47026000 0.87133000
1370 0.47026000 0.87133000
1371 0.47026000 0.87133000
1372 0.47027000 0.87133000
1373 0.47027000 0.87133000
1374 0.47027000 0.87133000
1375 0.47027000 0.87133000
1376 0.47027000 0.87133000
1377 0.47027000 0.87133000
1378 0.47027000 0.87133000
1379 0.47027000 0.87133000
1380 0.47027000 0.87133000
1381 0.47028000 0.87134000
1382 0.47028000 0.87134000
1383 0.47028000 0.87134000
1384 0.47028000 0.87134000
1385 0.47028000 0.87134000
1386 0.47028000 0.87134000
1387 0.47028000 0.87134000
1388 0.47028000 0.87134000
1389 0.47028000 0.87134000
1390 0.47029000 0.87134000
1391 0.47029000 0.87134000
1392 0.47029000 0.87134000
1393 0.47029000 0.87134000
1394 0.47029000 0.87134000
1395 0.47029000 0.87134000
1396 0.47029000 0.87134000
1397 0.47029000 0.87135000
1398 0.47029000 0.87135000
1399 0.47030000 0.87135000
1400 0.47030000 0.87135000
1401 0.47030000 0.87135000
1402 0.47030000 0.87135000
1403 0.47030000 0.87135000
1404 0.47030000 0.87135000
1405 0.47030000 0.87135000
1406 0.47030000 0.87135000
1407 0.47030000 0.87135000
1408 0.47031000 0.87135000
1409 0.47031000 0.87135000
1410 0.47031000 0.87135000
1411 0.47031000 0.87135000
1412 0.47031000 0.87135000
1413 0.47031000 0.87135000
1414 0.47031000 0.87135000
1415 0.47031000 0.87136000
1416 0.47031000 0.87136000
1417 0.47032000 0.87136000
1418 0.47032000 0.87136000
1419 0.47032000 0.87136000
1420 0.47032000 0.87136000
1421 0.47032000 0.87136000
1422 0.47032000 0.87136000
1423 0.47032000 0.87136000
1424 0.47032000 0.87136000
1425 0.47032000 0.87136000
1426 0.47032000 0.87136000
1427 0.47033000 0.87136000
1428 0.47033000 0.87136000
1429 0.47033000 0.87136000
1430 0.47033000 0.87136000
1431 0.47033000 0.87136000
1432 0.47033000 0.87136000
1433 0.47033000 0.87136000
1434 0.47033000 0.87136000
1435 0.47033000 0.87136000
1436 0.47033000 0.87137000
1437 0.47034000 0.87137000
1438 0.47034000 0.87137000
1439 0.47034000 0.87137000
1440 0.47034000 0.87137000
1441 0.47034000 0.87137000
1442 0.47034000 0.87137000
1443 0.47034000 0.87137000
1444 0.47034000 0.87137000
1445 0.47034000 0.87137000
1446 0.47034000 0.87137000
1447 0.47035000 0.87137000
1448 0.47035000 0.87137000
1449 0.47035000 0.87137000
1450 0.47035000 0.87137000
1451 0.47035000 0.87137000
1452 0.47035000 0.87137000
1453 0.47035000 0.87137000
1454 0.47035000 0.87137000
1455 0.47035000 0.87137000
1456 0.47035000 0.87137000
1457 0.47036000 0.87137000
1458 0.47036000 0.87138000
1459 0.47036000 0.87138000
1460 0.47036000 0.87138000
1461 0.47036000 0.87138000
1462 0.47036000 0.87138000
1463 0.47036000 0.87138000
1464 0.47036000 0.87138000
1465 0.47036000 0.87138000
1466 0.47036000 0.87138000
1467 0.47036000 0.87138000
1468 0.47037000 0.87138000
1469 0.47037000 0.87138000
1470 0.47037000 0.87138000
1471 0.47037000 0.87138000
1472 0.47037000 0.87138000
1473 0.47037000 0.87138000
1474 0.47037000 0.87138000
1475 0.47037000 0.87138000
1476 0.47037000 0.87138000
1477 0.47037000 0.87138000
1478 0.47038000 0.87138000
1479 0.47038000 0.87138000
1480 0.47038000 0.87138000
1481 0.47038000 0.87138000
1482 0.47038000 0.87138000
1483 0.47038000 0.87138000
1484 0.47038000 0.87139000
1485 0.47038000 0.87139000
1486 0.47038000 0.87139000
1487 0.47038000 0.87139000
1488 0.47038000 0.87139000
1489 0.47039000 0.87139000
1490 0.47039000 0.87139000
1491 0.47039000 0.87139000
1492 0.47039000 0.87139000
1493 0.47039000 0.87139000
1494 0.47039000 0.87139000
1495 0.47039000 0.87139000
1496 0.47039000 0.87139000
1497 0.47039000 0.87139000
1498 0.47039000 0.87139000
1499 0.47039000 0.87139000
1500 0.47039000 0.87139000
1501 0.47040000 0.87139000
1502 0.47040000 0.87139000
1503 0.47040000 0.87139000
1504 0.47040000 0.87139000
1505 0.47040000 0.87139000
1506 0.47040000 0.87139000
1507 0.47040000 0.87139000
1508 0.47040000 0.87139000
1509 0.47040000 0.87139000
1510 0.47040000 0.87139000
1511 0.47040000 0.87139000
1512 0.47041000 0.87139000
1513 0.47041000 0.87139000
1514 0.47041000 0.87139000
1515 0.47041000 0.87140000
1516 0.47041000 0.87140000
1517 0.47041000 0.87140000
1518 0.47041000 0.87140000
1519 0.47041000 0.87140000
1520 0.47041000 0.87140000
1521 0.47041000 0.87140000
1522 0.47041000 0.87140000
1523 0.47041000 0.87140000
1524 0.47042000 0.87140000
1525 0.47042000 0.87140000
1526 0.47042000 0.87140000
1527 0.47042000 0.87140000
1528 0.47042000 0.87140000
1529 0.47042000 0.87140000
1530 0.47042000 0.87140000
1531 0.47042000 0.87140000
1532 0.47042000 0.87140000
1533 0.47042000 0.87140000
1534 0.47042000 0.87140000
1535 0.47042000 0.87140000
1536 0.47042000 0.87140000
1537 0.47043000 0.87140000
1538 0.47043000 0.87140000
1539 0.47043000 0.87140000
1540 0.47043000 0.87140000
1541 0.47043000 0.87140000
1542 0.47043000 0.87140000
1543 0.47043000 0.87140000
1544 0.47043000 0.87140000
1545 0.47043000 0.87140000
1546 0.47043000 0.87140000
1547 0.47043000 0.87140000
1548 0.47043000 0.87140000
1549 0.47044000 0.87140000
1550 0.47044000 0.87141000
1551 0.47044000 0.87141000
1552 0.47044000 0.87141000
1553 0.47044000 0.87141000
1554 0.47044000 0.87141000
1555 0.47044000 0.87141000
1556 0.47044000 0.87141000
1557 0.47044000 0.87141000
1558 0.47044000 0.87141000
1559 0.47044000 0.87141000
1560 0.47044000 0.87141000
1561 0.47044000 0.87141000
1562 0.47045000 0.87141000
1563 0.47045000 0.87141000
1564 0.47045000 0.87141000
1565 0.47045000 0.87141000
1566 0.47045000 0.87141000
1567 0.47045000 0.87141000
1568 0.47045000 0.87141000
1569 0.47045000 0.87141000
1570 0.47045000 0.87141000
1571 0.47045000 0.87141000
1572 0.47045000 0.87141000
1573 0.47045000 0.87141000
1574 0.47045000 0.87141000
1575 0.47045000 0.87141000
1576 0.47046000 0.87141000
1577 0.47046000 0.87141000
1578 0.47046000 0.87141000
1579 0.47046000 0.87141000
1580 0.47046000 0.87141000
1581 0.47046000 0.87141000
1582 0.47046000 0.87141000
1583 0.47046000 0.87141000
1584 0.47046000 0.87141000
1585 0.47046000 0.87141000
1586 0.47046000 0.87141000
1587 0.47046000 0.87141000
1588 0.47046000 0.87141000
1589 0.47046000 0.87141000
1590 0.47047000 0.87141000
1591 0.47047000 0.87141000
1592 0.47047000 0.87141000
1593 0.47047000 0.87141000
1594 0.47047000 0.87142000
1595 0.47047000 0.87142000
1596 0.47047000 0.87142000
1597 0.47047000 0.87142000
1598 0.47047000 0.87142000
1599 0.47047000 0.87142000
1600 0.47047000 0.87142000
1601 0.47047000 0.87142000
1602 0.47047000 0.87142000
1603 0.47047000 0.87142000
1604 0.47047000 0.87142000
1605 0.47048000 0.87142000
1606 0.47048000 0.87142000
1607 0.47048000 0.87142000
1608 0.47048000 0.87142000
1609 0.47048000 0.87142000
1610 0.47048000 0.87142000
1611 0.47048000 0.87142000
1612 0.47048000 0.87142000
1613 0.47048000 0.87142000
1614 0.47048000 0.87142000
1615 0.47048000 0.87142000
1616 0.47048000 0.87142000
1617 0.47048000 0.87142000
1618 0.47048000 0.87142000
1619 0.47048000 0.87142000
1620 0.47049000 0.87142000
1621 0.47049000 0.87142000
1622 0.47049000 0.87142000
1623 0.47049000 0.87142000
1624 0.47049000 0.87142000
1625 0.47049000 0.87142000
1626 0.47049000 0.87142000
1627 0.47049000 0.87142000
1628 0.47049000 0.87142000
1629 0.47049000 0.87142000
1630 0.47049000 0.87142000
1631 0.47049000 0.87142000
1632 0.47049000 0.87142000
1633 0.47049000 0.87142000
1634 0.47049000 0.87142000
1635 0.47049000 0.87142000
1636 0.47050000 0.87142000
1637 0.47050000 0.87142000
1638 0.47050000 0.87142000
1639 0.47050000 0.87142000
1640 0.47050000 0.87142000
1641 0.47050000 0.87142000
1642 0.47050000 0.87142000
1643 0.47050000 0.87142000
1644 0.47050000 0.87142000
1645 0.47050000 0.87142000
1646 0.47050000 0.87142000
1647 0.47050000 0.87142000
1648 0.47050000 0.87142000
1649 0.47050000 0.87143000
1650 0.47050000 0.87143000
1651 0.47050000 0.87143000
1652 0.47051000 0.87143000
1653 0.47051000 0.87143000
1654 0.47051000 0.87143000
1655 0.47051000 0.87143000
1656 0.47051000 0.87143000
1657 0.47051000 0.87143000
1658 0.47051000 0.87143000
1659 0.47051000 0.87143000
1660 0.47051000 0.87143000
1661 0.47051000 0.87143000
1662 0.47051000 0.87143000
1663 0.47051000 0.87143000
1664 0.47051000 0.87143000
1665 0.47051000 0.87143000
1666 0.47051000 0.87143000
1667 0.47051000 0.87143000
1668 0.47051000 0.87143000
1669 0.47052000 0.87143000
1670 0.47052000 0.87143000
1671 0.47052000 0.87143000
1672 0.47052000 0.87143000
1673 0.47052000 0.87143000
1674 0.47052000 0.87143000
1675 0.47052000 0.87143000
1676 0.47052000 0.87143000
1677 0.47052000 0.87143000
1678 0.47052000 0.87143000
1679 0.47052000 0.87143000
1680 0.47052000 0.87143000
1681 0.47052000 0.87143000
1682 0.47052000 0.87143000
1683 0.47052000 0.87143000
1684 0.47052000 0.87143000
1685 0.47052000 0.87143000
1686 0.47052000 0.87143000
1687 0.47053000 0.87143000
1688 0.47053000 0.87143000
1689 0.47053000 0.87143000
1690 0.47053000 0.87143000
1691 0.47053000 0.87143000
1692 0.47053000 0.87143000
1693 0.47053000 0.87143000
1694 0.47053000 0.87143000
1695 0.47053000 0.87143000
1696 0.47053000 0.87143000
1697 0.47053000 0.87143000
1698 0.47053000 0.87143000
1699 0.47053000 0.87143000
1700 0.47053000 0.87143000
1701 0.47053000 0.87143000
1702 0.47053000 0.87143000
1703 0.47053000 0.87143000
1704 0.47053000 0.87143000
1705 0.47053000 0.87143000
1706 0.47054000 0.87143000
1707 0.47054000 0.87143000
1708 0.47054000 0.87143000
1709 0.47054000 0.87143000
1710 0.47054000 0.87143000
1711 0.47054000 0.87143000
1712 0.47054000 0.87143000
1713 0.47054000 0.87143000
1714 0.47054000 0.87143000
1715 0.47054000 0.87143000
1716 0.47054000 0.87143000
1717 0.47054000 0.87143000
1718 0.47054000 0.87143000
1719 0.47054000 0.87143000
1720 0.47054000 0.87143000
1721 0.47054000 0.87144000
1722 0.47054000 0.87144000
1723 0.47054000 0.87144000
1724 0.47054000 0.87144000
1725 0.47054000 0.87144000
1726 0.47055000 0.87144000
1727 0.47055000 0.87144000
1728 0.47055000 0.87144000
1729 0.47055000 0.87144000
1730 0.47055000 0.87144000
1731 0.47055000 0.87144000
1732 0.47055000 0.87144000
1733 0.47055000 0.87144000
1734 0.47055000 0.87144000
1735 0.47055000 0.87144000
1736 0.47055000 0.87144000
1737 0.47055000 0.87144000
1738 0.47055000 0.87144000
1739 0.47055000 0.87144000
1740 0.47055000 0.87144000
1741 0.47055000 0.87144000
1742 0.47055000 0.87144000
1743 0.47055000 0.87144000
1744 0.47055000 0.87144000
1745 0.47055000 0.87144000
1746 0.47055000 0.87144000
1747 0.47056000 0.87144000
1748 0.47056000 0.87144000
1749 0.47056000 0.87144000
1750 0.47056000 0.87144000
1751 0.47056000 0.87144000
1752 0.47056000 0.87144000
1753 0.47056000 0.87144000
1754 0.47056000 0.87144000
1755 0.47056000 0.87144000
1756 0.47056000 0.87144000
1757 0.47056000 0.87144000
1758 0.47056000 0.87144000
1759 0.47056000 0.87144000
1760 0.47056000 0.87144000
1761 0.47056000 0.87144000
1762 0.47056000 0.87144000
1763 0.47056000 0.87144000
1764 0.47056000 0.87144000
1765 0.47056000 0.87144000
1766 0.47056000 0.87144000
1767 0.47056000 0.87144000
1768 0.47056000 0.87144000
1769 0.47057000 0.87144000
1770 0.47057000 0.87144000
1771 0.47057000 0.87144000
1772 0.47057000 0.87144000
1773 0.47057000 0.87144000
1774 0.47057000 0.87144000
1775 0.47057000 0.87144000
1776 0.47057000 0.87144000
1777 0.47057000 0.87144000
1778 0.47057000 0.87144000
1779 0.47057000 0.87144000
1780 0.47057000 0.87144000
1781 0.47057000 0.87144000
1782 0.47057000 0.87144000
1783 0.47057000 0.87144000
1784 0.47057000 0.87144000
1785 0.47057000 0.87144000
1786 0.47057000 0.87144000
1787 0.47057000 0.87144000
1788 0.47057000 0.87144000
1789 0.47057000 0.87144000
1790 0.47057000 0.87144000
1791 0.47057000 0.87144000
1792 0.47057000 0.87144000
1793 0.47058000 0.87144000
1794 0.47058000 0.87144000
1795 0.47058000 0.87144000
1796 0.47058000 0.87144000
1797 0.47058000 0.87144000
1798 0.47058000 0.87144000
1799 0.47058000 0.87144000
1800 0.47058000 0.87144000
1801 0.47058000 0.87144000
1802 0.47058000 0.87144000
1803 0.47058000 0.87144000
1804 0.47058000 0.87144000
1805 0.47058000 0.87144000
1806 0.47058000 0.87144000
1807 0.47058000 0.87144000
1808 0.47058000 0.87144000
1809 0.47058000 0.87144000
1810 0.47058000 0.87144000
1811 0.47058000 0.87144000
1812 0.47058000 0.87144000
1813 0.47058000 0.87144000
1814 0.47058000 0.87144000
1815 0.47058000 0.87144000
1816 0.47058000 0.87144000
1817 0.47058000 0.87144000
1818 0.47058000 0.87144000
1819 0.47059000 0.87144000
1820 0.47059000 0.87144000
1821 0.47059000 0.87144000
1822 0.47059000 0.87145000
1823 0.47059000 0.87145000
1824 0.47059000 0.87145000
1825 0.47059000 0.87145000
1826 0.47059000 0.87145000
1827 0.47059000 0.87145000
1828 0.47059000 0.87145000
1829 0.47059000 0.87145000
1830 0.47059000 0.87145000
1831 0.47059000 0.87145000
1832 0.47059000 0.87145000
1833 0.47059000 0.87145000
1834 0.47059000 0.87145000
1835 0.47059000 0.87145000
1836 0.47059000 0.87145000
1837 0.47059000 0.87145000
1838 0.47059000 0.87145000
1839 0.47059000 0.87145000
1840 0.47059000 0.87145000
1841 0.47059000 0.87145000
1842 0.47059000 0.87145000
1843 0.47059000 0.87145000
1844 0.47059000 0.87145000
1845 0.47059000 0.87145000
1846 0.47060000 0.87145000
1847 0.47060000 0.87145000
1848 0.47060000 0.87145000
1849 0.47060000 0.87145000
1850 0.47060000 0.87145000
1851 0.47060000 0.87145000
1852 0.47060000 0.87145000
1853 0.47060000 0.87145000
1854 0.47060000 0.87145000
1855 0.47060000 0.87145000
1856 0.47060000 0.87145000
1857 0.47060000 0.87145000
1858 0.47060000 0.87145000
1859 0.47060000 0.87145000
1860 0.47060000 0.87145000
1861 0.47060000 0.87145000
1862 0.47060000 0.87145000
1863 0.47060000 0.87145000
1864 0.47060000 0.87145000
1865 0.47060000 0.87145000
1866 0.47060000 0.87145000
1867 0.47060000 0.87145000
1868 0.47060000 0.87145000
1869 0.47060000 0.87145000
1870 0.47060000 0.87145000
1871 0.47060000 0.87145000
1872 0.47060000 0.87145000
1873 0.47060000 0.87145000
1874 0.47060000 0.87145000
1875 0.47060000 0.87145000
1876 0.47061000 0.87145000
1877 0.47061000 0.87145000
1878 0.47061000 0.87145000
1879 0.47061000 0.87145000
1880 0.47061000 0.87145000
1881 0.47061000 0.87145000
1882 0.47061000 0.87145000
1883 0.47061000 0.87145000
1884 0.47061000 0.87145000
1885 0.47061000 0.87145000
1886 0.47061000 0.87145000
1887 0.47061000 0.87145000
1888 0.47061000 0.87145000
1889 0.47061000 0.87145000
1890 0.47061000 0.87145000
1891 0.47061000 0.87145000
1892 0.47061000 0.87145000
1893 0.47061000 0.87145000
1894 0.47061000 0.87145000
1895 0.47061000 0.87145000
1896 0.47061000 0.87145000
1897 0.47061000 0.87145000
1898 0.47061000 0.87145000
1899 0.47061000 0.87145000
1900 0.47061000 0.87145000
1901 0.47061000 0.87145000
1902 0.47061000 0.87145000
1903 0.47061000 0.87145000
1904 0.47061000 0.87145000
1905 0.47061000 0.87145000
1906 0.47061000 0.87145000
1907 0.47061000 0.87145000
1908 0.47062000 0.87145000
1909 0.47062000 0.87145000
1910 0.47062000 0.87145000
1911 0.47062000 0.87145000
1912 0.47062000 0.87145000
1913 0.47062000 0.87145000
1914 0.47062000 0.87145000
1915 0.47062000 0.87145000
1916 0.47062000 0.87145000
1917 0.47062000 0.87145000
1918 0.47062000 0.87145000
1919 0.47062000 0.87145000
1920 0.47062000 0.87145000
1921 0.47062000 0.87145000
1922 0.47062000 0.87145000
1923 0.47062000 0.87145000
1924 0.47062000 0.87145000
1925 0.47062000 0.87145000
1926 0.47062000 0.87145000
1927 0.47062000 0.87145000
1928 0.47062000 0.87145000
1929 0.47062000 0.87145000
1930 0.47062000 0.87145000
1931 0.47062000 0.87145000
1932 0.47062000 0.87145000
1933 0.47062000 0.87145000
1934 0.47062000 0.87145000
1935 0.47062000 0.87145000
1936 0.47062000 0.87145000
1937 0.47062000 0.87145000
1938 0.47062000 0.87145000
1939 0.47062000 0.87145000
1940 0.47062000 0.87145000
1941 0.47062000 0.87145000
1942 0.47062000 0.87145000
1943 0.47062000 0.87145000
1944 0.47063000 0.87145000
1945 0.47063000 0.87145000
1946 0.47063000 0.87145000
1947 0.47063000 0.87145000
1948 0.47063000 0.87145000
1949 0.47063000 0.87145000
1950 0.47063000 0.87145000
1951 0.47063000 0.87145000
1952 0.47063000 0.87145000
1953 0.47063000 0.87145000
1954 0.47063000 0.87145000
1955 0.47063000 0.87145000
1956 0.47063000 0.87145000
1957 0.47063000 0.87145000
1958 0.47063000 0.87145000
1959 0.47063000 0.87145000
1960 0.47063000 0.87145000
1961 0.47063000 0.87145000
1962 0.47063000 0.87145000
1963 0.47063000 0.87145000
1964 0.47063000 0.87145000
1965 0.47063000 0.87145000
1966 0.47063000 0.87145000
1967 0.47063000 0.87145000
1968 0.47063000 0.87145000
1969 0.47063000 0.87145000
1970 0.47063000 0.87145000
1971 0.47063000 0.87145000
1972 0.47063000 0.87145000
1973 0.47063000 0.87145000
1974 0.47063000 0.87145000
1975 0.47063000 0.87145000
1976 0.47063000 0.87145000
1977 0.47063000 0.87145000
1978 0.47063000 0.87145000
1979 0.47063000 0.87145000
1980 0.47063000 0.87145000
1981 0.47063000 0.87146000
1982 0.47063000 0.87146000
1983 0.47064000 0.87146000
1984 0.47064000 0.87146000
1985 0.47064000 0.87146000
1986 0.47064000 0.87146000
1987 0.47064000 0.87146000
1988 0.47064000 0.87146000
1989 0.47064000 0.87146000
1990 0.47064000 0.87146000
1991 0.47064000 0.87146000
1992 0.47064000 0.87146000
1993 0.47064000 0.87146000
1994 0.47064000 0.87146000
1995 0.47064000 0.87146000
1996 0.47064000 0.87146000
1997 0.47064000 0.87146000
1998 0.47064000 0.87146000
1999 0.47064000 0.87146000
2000 0.47064000 0.87146000
2001 0.47064000 0.87146000
2002 0.47064000 0.87146000
2003 0.47064000 0.87146000
2004 0.47064000 0.87146000
2005 0.47064000 0.87146000
2006 0.47064000 0.87146000
2007 0.47064000 0.87146000
2008 0.47064000 0.87146000
2009 0.47064000 0.87146000
2010 0.47064000 0.87146000
2011 0.47064000 0.87146000
2012 0.47064000 0.87146000
2013 0.47064000 0.87146000
2014 0.47064000 0.87146000
2015 0.47064000 0.87146000
2016 0.47064000 0.87146000
2017 0.47064000 0.87146000
2018 0.47064000 0.87146000
2019 0.47064000 0.87146000
2020 0.47064000 0.87146000
2021 0.47064000 0.87146000
2022 0.47064000 0.87146000
2023 0.47064000 0.87146000
2024 0.47064000 0.87146000
2025 0.47064000 0.87146000
2026 0.47064000 0.87146000
2027 0.47064000 0.87146000
2028 0.47065000 0.87146000
2029 0.47065000 0.87146000
2030 0.47065000 0.87146000
2031 0.47065000 0.87146000
2032 0.47065000 0.87146000
2033 0.47065000 0.87146000
2034 0.47065000 0.87146000
2035 0.47065000 0.87146000
2036 0.47065000 0.87146000
2037 0.47065000 0.87146000
2038 0.47065000 0.87146000
2039 0.47065000 0.87146000
2040 0.47065000 0.87146000
2041 0.47065000 0.87146000
2042 0.47065000 0.87146000
2043 0.47065000 0.87146000
2044 0.47065000 0.87146000
2045 0.47065000 0.87146000
2046 0.47065000 0.87146000
2047 0.47065000 0.87146000
2048 0.47065000 0.87146000
2049 0.47065000 0.87146000
2050 0.47065000 0.87146000
2051 0.47065000 0.87146000
2052 0.47065000 0.87146000
2053 0.47065000 0.87146000
2054 0.47065000 0.87146000
2055 0.47065000 0.87146000
2056 0.47065000 0.87146000
2057 0.47065000 0.87146000
2058 0.47065000 0.87146000
2059 0.47065000 0.87146000
2060 0.47065000 0.87146000
2061 0.47065000 0.87146000
2062 0.47065000 0.87146000
2063 0.47065000 0.87146000
2064 0.47065000 0.87146000
2065 0.47065000 0.87146000
2066 0.47065000 0.87146000
2067 0.47065000 0.87146000
2068 0.47065000 0.87146000
2069 0.47065000 0.87146000
2070 0.47065000 0.87146000
2071 0.47065000 0.87146000
2072 0.47065000 0.87146000
2073 0.47065000 0.87146000
2074 0.47065000 0.87146000
2075 0.47065000 0.87146000
2076 0.47065000 0.87146000
2077 0.47065000 0.87146000
2078 0.47065000 0.87146000
2079 0.47066000 0.87146000
2080 0.47066000 0.87146000
2081 0.47066000 0.87146000
2082 0.47066000 0.87146000
2083 0.47066000 0.87146000
2084 0.47066000 0.87146000
2085 0.47066000 0.87146000
2086 0.47066000 0.87146000
2087 0.47066000 0.87146000
2088 0.47066000 0.87146000
2089 0.47066000 0.87146000
2090 0.47066000 0.87146000
2091 0.47066000 0.87146000
2092 0.47066000 0.87146000
2093 0.47066000 0.87146000
2094 0.47066000 0.87146000
2095 0.47066000 0.87146000
2096 0.47066000 0.87146000
2097 0.47066000 0.87146000
2098 0.47066000 0.87146000
2099 0.47066000 0.87146000
2100 0.47066000 0.87146000
2101 0.47066000 0.87146000
2102 0.47066000 0.87146000
2103 0.47066000 0.87146000
2104 0.47066000 0.87146000
2105 0.47066000 0.87146000
2106 0.47066000 0.87146000
2107 0.47066000 0.87146000
2108 0.47066000 0.87146000
2109 0.47066000 0.87146000
2110 0.47066000 0.87146000
2111 0.47066000 0.87146000
2112 0.47066000 0.87146000
2113 0.47066000 0.87146000
2114 0.47066000 0.87146000
2115 0.47066000 0.87146000
2116 0.47066000 0.87146000
2117 0.47066000 0.87146000
2118 0.47066000 0.87146000
2119 0.47066000 0.87146000
2120 0.47066000 0.87146000
2121 0.47066000 0.87146000
2122 0.47066000 0.87146000
2123 0.47066000 0.87146000
2124 0.47066000 0.87146000
2125 0.47066000 0.87146000
2126 0.47066000 0.87146000
2127 0.47066000 0.87146000
2128 0.47066000 0.87146000
2129 0.47066000 0.87146000
2130 0.47066000 0.87146000
2131 0.47066000 0.87146000
2132 0.47066000 0.87146000
2133 0.47066000 0.87146000
2134 0.47066000 0.87146000
2135 0.47066000 0.87146000
2136 0.47066000 0.87146000
2137 0.47066000 0.87146000
2138 0.47066000 0.87146000
2139 0.47067000 0.87146000
2140 0.47067000 0.87146000
2141 0.47067000 0.87146000
2142 0.47067000 0.87146000
2143 0.47067000 0.87146000
2144 0.47067000 0.87146000
2145 0.47067000 0.87146000
2146 0.47067000 0.87146000
2147 0.47067000 0.87146000
2148 0.47067000 0.87146000
2149 0.47067000 0.87146000
2150 0.47067000 0.87146000
2151 0.47067000 0.87146000
2152 0.47067000 0.87146000
2153 0.47067000 0.87146000
2154 0.47067000 0.87146000
2155 0.47067000 0.87146000
2156 0.47067000 0.87146000
2157 0.47067000 0.87146000
2158 0.47067000 0.87146000
2159 0.47067000 0.87146000
2160 0.47067000 0.87146000
2161 0.47067000 0.87146000
2162 0.47067000 0.87146000
2163 0.47067000 0.87146000
2164 0.47067000 0.87146000
2165 0.47067000 0.87146000
2166 0.47067000 0.87146000
2167 0.47067000 0.87146000
2168 0.47067000 0.87146000
2169 0.47067000 0.87146000
2170 0.47067000 0.87146000
2171 0.47067000 0.87146000
2172 0.47067000 0.87146000
2173 0.47067000 0.87146000
2174 0.47067000 0.87146000
2175 0.47067000 0.87146000
2176 0.47067000 0.87146000
2177 0.47067000 0.87146000
2178 0.47067000 0.87146000
2179 0.47067000 0.87146000
2180 0.47067000 0.87146000
2181 0.47067000 0.87146000
2182 0.47067000 0.87146000
2183 0.47067000 0.87146000
2184 0.47067000 0.87146000
2185 0.47067000 0.87146000
2186 0.47067000 0.87146000
2187 0.47067000 0.87146000
2188 0.47067000 0.87146000
2189 0.47067000 0.87146000
2190 0.47067000 0.87146000
2191 0.47067000 0.87146000
2192 0.47067000 0.87146000
2193 0.47067000 0.87146000
2194 0.47067000 0.87146000
2195 0.47067000 0.87146000
2196 0.47067000 0.87146000
2197 0.47067000 0.87146000
2198 0.47067000 0.87146000
2199 0.47067000 0.87146000
2200 0.47067000 0.87146000
2201 0.47067000 0.87146000
2202 0.47067000 0.87146000
2203 0.47067000 0.87146000
2204 0.47067000 0.87146000
2205 0.47067000 0.87146000
2206 0.47067000 0.87146000
2207 0.47067000 0.87146000
2208 0.47067000 0.87146000
2209 0.47067000 0.87146000
2210 0.47067000 0.87146000
2211 0.47067000 0.87146000
2212 0.47068000 0.87146000
2213 0.47068000 0.87146000
2214 0.47068000 0.87146000
2215 0.47068000 0.87146000
2216 0.47068000 0.87146000
2217 0.47068000 0.87146000
2218 0.47068000 0.87146000
2219 0.47068000 0.87146000
2220 0.47068000 0.87146000
2221 0.47068000 0.87146000
2222 0.47068000 0.87146000
2223 0.47068000 0.87146000
2224 0.47068000 0.87146000
2225 0.47068000 0.87146000
2226 0.47068000 0.87146000
2227 0.47068000 0.87146000
2228 0.47068000 0.87146000
2229 0.47068000 0.87146000
2230 0.47068000 0.87146000
2231 0.47068000 0.87146000
2232 0.47068000 0.87146000
2233 0.47068000 0.87146000
2234 0.47068000 0.87146000
2235 0.47068000 0.87146000
2236 0.47068000 0.87146000
2237 0.47068000 0.87146000
2238 0.47068000 0.87146000
2239 0.47068000 0.87146000
2240 0.47068000 0.87146000
2241 0.47068000 0.87146000
2242 0.47068000 0.87146000
2243 0.47068000 0.87146000
2244 0.47068000 0.87146000
2245 0.47068000 0.87146000
2246 0.47068000 0.87146000
2247 0.47068000 0.87146000
2248 0.47068000 0.87146000
2249 0.47068000 0.87146000
2250 0.47068000 0.87146000
2251 0.47068000 0.87146000
2252 0.47068000 0.87146000
2253 0.47068000 0.87146000
2254 0.47068000 0.87146000
2255 0.47068000 0.87146000
2256 0.47068000 0.87146000
2257 0.47068000 0.87146000
2258 0.47068000 0.87146000
2259 0.47068000 0.87146000
2260 0.47068000 0.87146000
2261 0.47068000 0.87146000
2262 0.47068000 0.87146000
2263 0.47068000 0.87146000
2264 0.47068000 0.87146000
2265 0.47068000 0.87146000
2266 0.47068000 0.87146000
2267 0.47068000 0.87146000
2268 0.47068000 0.87146000
2269 0.47068000 0.87146000
2270 0.47068000 0.87146000
2271 0.47068000 0.87146000
2272 0.47068000 0.87146000
2273 0.47068000 0.87146000
2274 0.47068000 0.87146000
2275 0.47068000 0.87146000
2276 0.47068000 0.87146000
2277 0.47068000 0.87146000
2278 0.47068000 0.87146000
2279 0.47068000 0.87146000
2280 0.47068000 0.87146000
2281 0.47068000 0.87146000
2282 0.47068000 0.87146000
2283 0.47068000 0.87146000
2284 0.47068000 0.87146000
2285 0.47068000 0.87146000
2286 0.47068000 0.87146000
2287 0.47068000 0.87146000
2288 0.47068000 0.87146000
2289 0.47068000 0.87146000
2290 0.47068000 0.87146000
2291 0.47068000 0.87146000
2292 0.47068000 0.87146000
2293 0.47068000 0.87146000
2294 0.47068000 0.87146000
2295 0.47068000 0.87146000
2296 0.47068000 0.87146000
2297 0.47068000 0.87146000
2298 0.47068000 0.87146000
2299 0.47068000 0.87146000
2300 0.47068000 0.87146000
2301 0.47068000 0.87146000
2302 0.47068000 0.87146000
2303 0.47068000 0.87146000
2304 0.47068000 0.87147000
2305 0.47069000 0.87147000
2306 0.47069000 0.87147000
2307 0.47069000 0.87147000
2308 0.47069000 0.87147000
2309 0.47069000 0.87147000
2310 0.47069000 0.87147000
2311 0.47069000 0.87147000
2312 0.47069000 0.87147000
2313 0.47069000 0.87147000
2314 0.47069000 0.87147000
2315 0.47069000 0.87147000
2316 0.47069000 0.87147000
2317 0.47069000 0.87147000
2318 0.47069000 0.87147000
2319 0.47069000 0.87147000
2320 0.47069000 0.87147000
2321 0.47069000 0.87147000
2322 0.47069000 0.87147000
2323 0.47069000 0.87147000
2324 0.47069000 0.87147000
2325 0.47069000 0.87147000
2326 0.47069000 0.87147000
2327 0.47069000 0.87147000
2328 0.47069000 0.87147000
2329 0.47069000 0.87147000
2330 0.47069000 0.87147000
2331 0.47069000 0.87147000
2332 0.47069000 0.87147000
2333 0.47069000 0.87147000
2334 0.47069000 0.87147000
2335 0.47069000 0.87147000
2336 0.47069000 0.87147000
2337 0.47069000 0.87147000
2338 0.47069000 0.87147000
2339 0.47069000 0.87147000
2340 0.47069000 0.87147000
2341 0.47069000 0.87147000
2342 0.47069000 0.87147000
2343 0.47069000 0.87147000
2344 0.47069000 0.87147000
2345 0.47069000 0.87147000
2346 0.47069000 0.87147000
2347 0.47069000 0.87147000
2348 0.47069000 0.87147000
2349 0.47069000 0.87147000
2350 0.47069000 0.87147000
2351 0.47069000 0.87147000
2352 0.47069000 0.87147000
2353 0.47069000 0.87147000
2354 0.47069000 0.87147000
2355 0.47069000 0.87147000
2356 0.47069000 0.87147000
2357 0.47069000 0.87147000
2358 0.47069000 0.87147000
2359 0.47069000 0.87147000
2360 0.47069000 0.87147000
2361 0.47069000 0.87147000
2362 0.47069000 0.87147000
2363 0.47069000 0.87147000
2364 0.47069000 0.87147000
2365 0.47069000 0.87147000
2366 0.47069000 0.87147000
2367 0.47069000 0.87147000
2368 0.47069000 0.87147000
2369 0.47069000 0.87147000
2370 0.47069000 0.87147000
2371 0.47069000 0.87147000
2372 0.47069000 0.87147000
2373 0.47069000 0.87147000
2374 0.47069000 0.87147000
2375 0.47069000 0.87147000
2376 0.47069000 0.87147000
2377 0.47069000 0.87147000
2378 0.47069000 0.87147000
2379 0.47069000 0.87147000
2380 0.47069000 0.87147000
2381 0.47069000 0.87147000
2382 0.47069000 0.87147000
2383 0.47069000 0.87147000
2384 0.47069000 0.87147000
2385 0.47069000 0.87147000
2386 0.47069000 0.87147000
2387 0.47069000 0.87147000
2388 0.47069000 0.87147000
2389 0.47069000 0.87147000
2390 0.47069000 0.87147000
2391 0.47069000 0.87147000
2392 0.47069000 0.87147000
2393 0.47069000 0.87147000
2394 0.47069000 0.87147000
2395 0.47069000 0.87147000
2396 0.47069000 0.87147000
2397 0.47069000 0.87147000
2398 0.47069000 0.87147000
2399 0.47069000 0.87147000
2400 0.47069000 0.87147000
2401 0.47069000 0.87147000
2402 0.47069000 0.87147000
2403 0.47069000 0.87147000
2404 0.47069000 0.87147000
2405 0.47069000 0.87147000
2406 0.47069000 0.87147000
2407 0.47069000 0.87147000
2408 0.47069000 0.87147000
2409 0.47069000 0.87147000
2410 0.47069000 0.87147000
2411 0.47069000 0.87147000
2412 0.47069000 0.87147000
2413 0.47069000 0.87147000
2414 0.47069000 0.87147000
2415 0.47069000 0.87147000
2416 0.47069000 0.87147000
2417 0.47069000 0.87147000
2418 0.47069000 0.87147000
2419 0.47069000 0.87147000
2420 0.47069000 0.87147000
2421 0.47069000 0.87147000
2422 0.47069000 0.87147000
2423 0.47069000 0.87147000
2424 0.47069000 0.87147000
2425 0.47069000 0.87147000
2426 0.47069000 0.87147000
2427 0.47069000 0.87147000
2428 0.47069000 0.87147000
2429 0.47069000 0.87147000
2430 0.47069000 0.87147000
2431 0.47069000 0.87147000
2432 0.47069000 0.87147000
2433 0.47069000 0.87147000
2434 0.47070000 0.87147000
2435 0.47070000 0.87147000
2436 0.47070000 0.87147000
2437 0.47070000 0.87147000
2438 0.47070000 0.87147000
2439 0.47070000 0.87147000
2440 0.47070000 0.87147000
2441 0.47070000 0.87147000
2442 0.47070000 0.87147000
2443 0.47070000 0.87147000
2444 0.47070000 0.87147000
2445 0.47070000 0.87147000
2446 0.47070000 0.87147000
2447 0.47070000 0.87147000
2448 0.47070000 0.87147000
2449 0.47070000 0.87147000
2450 0.47070000 0.87147000
2451 0.47070000 0.87147000
2452 0.47070000 0.87147000
2453 0.47070000 0.87147000
2454 0.47070000 0.87147000
2455 0.47070000 0.87147000
2456 0.47070000 0.87147000
2457 0.47070000 0.87147000
2458 0.47070000 0.87147000
2459 0.47070000 0.87147000
2460 0.47070000 0.87147000
2461 0.47070000 0.87147000
2462 0.47070000 0.87147000
2463 0.47070000 0.87147000
2464 0.47070000 0.87147000
2465 0.47070000 0.87147000
2466 0.47070000 0.87147000
2467 0.47070000 0.87147000
2468 0.47070000 0.87147000
2469 0.47070000 0.87147000
2470 0.47070000 0.87147000
2471 0.47070000 0.87147000
2472 0.47070000 0.87147000
2473 0.47070000 0.87147000
2474 0.47070000 0.87147000
2475 0.47070000 0.87147000
2476 0.47070000 0.87147000
2477 0.47070000 0.87147000
2478 0.47070000 0.87147000
2479 0.47070000 0.87147000
2480 0.47070000 0.87147000
2481 0.47070000 0.87147000
2482 0.47070000 0.87147000
2483 0.47070000 0.87147000
2484 0.47070000 0.87147000
2485 0.47070000 0.87147000
2486 0.47070000 0.87147000
2487 0.47070000 0.87147000
2488 0.47070000 0.87147000
2489 0.47070000 0.87147000
2490 0.47070000 0.87147000
2491 0.47070000 0.87147000
2492 0.47070000 0.87147000
2493 0.47070000 0.87147000
2494 0.47070000 0.87147000
2495 0.47070000 0.87147000
2496 0.47070000 0.87147000
2497 0.47070000 0.87147000
2498 0.47070000 0.87147000
2499 0.47070000 0.87147000
2500 0.47070000 0.87147000
2501 0.47070000 0.87147000
2502 0.47070000 0.87147000
2503 0.47070000 0.87147000
2504 0.47070000 0.87147000
2505 0.47070000 0.87147000
2506 0.47070000 0.87147000
2507 0.47070000 0.87147000
2508 0.47070000 0.87147000
2509 0.47070000 0.87147000
2510 0.47070000 0.87147000
2511 0.47070000 0.87147000
2512 0.47070000 0.87147000
2513 0.47070000 0.87147000
2514 0.47070000 0.87147000
2515 0.47070000 0.87147000
2516 0.47070000 0.87147000
2517 0.47070000 0.87147000
2518 0.47070000 0.87147000
2519 0.47070000 0.87147000
2520 0.47070000 0.87147000
2521 0.47070000 0.87147000
2522 0.47070000 0.87147000
2523 0.47070000 0.87147000
2524 0.47070000 0.87147000
2525 0.47070000 0.87147000
2526 0.47070000 0.87147000
2527 0.47070000 0.87147000
2528 0.47070000 0.87147000
2529 0.47070000 0.87147000
2530 0.47070000 0.87147000
2531 0.47070000 0.87147000
2532 0.47070000 0.87147000
2533 0.47070000 0.87147000
2534 0.47070000 0.87147000
2535 0.47070000 0.87147000
2536 0.47070000 0.87147000
2537 0.47070000 0.87147000
2538 0.47070000 0.87147000
2539 0.47070000 0.87147000
2540 0.47070000 0.87147000
2541 0.47070000 0.87147000
2542 0.47070000 0.87147000
2543 0.47070000 0.87147000
2544 0.47070000 0.87147000
2545 0.47070000 0.87147000
2546 0.47070000 0.87147000
2547 0.47070000 0.87147000
2548 0.47070000 0.87147000
2549 0.47070000 0.87147000
2550 0.47070000 0.87147000
2551 0.47070000 0.87147000
2552 0.47070000 0.87147000
2553 0.47070000 0.87147000
2554 0.47070000 0.87147000
2555 0.47070000 0.87147000
2556 0.47070000 0.87147000
2557 0.47070000 0.87147000
2558 0.47070000 0.87147000
2559 0.47070000 0.87147000
2560 0.47070000 0.87147000
2561 0.47070000 0.87147000
2562 0.47070000 0.87147000
2563 0.47070000 0.87147000
2564 0.47070000 0.87147000
2565 0.47070000 0.87147000
2566 0.47070000 0.87147000
2567 0.47070000 0.87147000
2568 0.47070000 0.87147000
2569 0.47070000 0.87147000
2570 0.47070000 0.87147000
2571 0.47070000 0.87147000
2572 0.47070000 0.87147000
2573 0.47070000 0.87147000
2574 0.47070000 0.87147000
2575 0.47070000 0.87147000
2576 0.47070000 0.87147000
2577 0.47070000 0.87147000
2578 0.47070000 0.87147000
2579 0.47070000 0.87147000
2580 0.47070000 0.87147000
2581 0.47070000 0.87147000
2582 0.47070000 0.87147000
2583 0.47070000 0.87147000
2584 0.47070000 0.87147000
2585 0.47070000 0.87147000
2586 0.47070000 0.87147000
2587 0.47070000 0.87147000
2588 0.47070000 0.87147000
2589 0.47070000 0.87147000
2590 0.47070000 0.87147000
2591 0.47070000 0.87147000
2592 0.47070000 0.87147000
2593 0.47070000 0.87147000
2594 0.47070000 0.87147000
2595 0.47070000 0.87147000
2596 0.47070000 0.87147000
2597 0.47070000 0.87147000
2598 0.47070000 0.87147000
2599 0.47070000 0.87147000
2600 0.47070000 0.87147000
2601 0.47070000 0.87147000
2602 0.47070000 0.87147000
2603 0.47070000 0.87147000
2604 0.47070000 0.87147000
2605 0.47070000 0.87147000
2606 0.47070000 0.87147000
2607 0.47070000 0.87147000
2608 0.47070000 0.87147000
2609 0.47070000 0.87147000
2610 0.47070000 0.87147000
2611 0.47070000 0.87147000
2612 0.47070000 0.87147000
2613 0.47070000 0.87147000
2614 0.47070000 0.87147000
2615 0.47070000 0.87147000
2616 0.47070000 0.87147000
2617 0.47070000 0.87147000
2618 0.47070000 0.87147000
2619 0.47070000 0.87147000
2620 0.47070000 0.87147000
2621 0.47070000 0.87147000
2622 0.47070000 0.87147000
2623 0.47070000 0.87147000
2624 0.47070000 0.87147000
2625 0.47070000 0.87147000
2626 0.47070000 0.87147000
2627 0.47070000 0.87147000
2628 0.47070000 0.87147000
2629 0.47070000 0.87147000
2630 0.47070000 0.87147000
2631 0.47070000 0.87147000
2632 0.47070000 0.87147000
2633 0.47070000 0.87147000
2634 0.47070000 0.87147000
2635 0.47070000 0.87147000
2636 0.47070000 0.87147000
2637 0.47070000 0.87147000
2638 0.47070000 0.87147000
2639 0.47070000 0.87147000
2640 0.47070000 0.87147000
2641 0.47070000 0.87147000
2642 0.47070000 0.87147000
2643 0.47070000 0.87147000
2644 0.47070000 0.87147000
2645 0.47070000 0.87147000
2646 0.47070000 0.87147000
2647 0.47071000 0.87147000
2648 0.47071000 0.87147000
2649 0.47071000 0.87147000
2650 0.47071000 0.87147000
2651 0.47071000 0.87147000
2652 0.47071000 0.87147000
2653 0.47071000 0.87147000
2654 0.47071000 0.87147000
2655 0.47071000 0.87147000
2656 0.47071000 0.87147000
2657 0.47071000 0.87147000
2658 0.47071000 0.87147000
2659 0.47071000 0.87147000
2660 0.47071000 0.87147000
2661 0.47071000 0.87147000
2662 0.47071000 0.87147000
2663 0.47071000 0.87147000
2664 0.47071000 0.87147000
2665 0.47071000 0.87147000
2666 0.47071000 0.87147000
2667 0.47071000 0.87147000
2668 0.47071000 0.87147000
2669 0.47071000 0.87147000
2670 0.47071000 0.87147000
2671 0.47071000 0.87147000
2672 0.47071000 0.87147000
2673 0.47071000 0.87147000
2674 0.47071000 0.87147000
2675 0.47071000 0.87147000
2676 0.47071000 0.87147000
2677 0.47071000 0.87147000
2678 0.47071000 0.87147000
2679 0.47071000 0.87147000
2680 0.47071000 0.87147000
2681 0.47071000 0.87147000
2682 0.47071000 0.87147000
2683 0.47071000 0.87147000
2684 0.47071000 0.87147000
2685 0.47071000 0.87147000
2686 0.47071000 0.87147000
2687 0.47071000 0.87147000
2688 0.47071000 0.87147000
2689 0.47071000 0.87147000
2690 0.47071000 0.87147000
2691 0.47071000 0.87147000
2692 0.47071000 0.87147000
2693 0.47071000 0.87147000
2694 0.47071000 0.87147000
2695 0.47071000 0.87147000
2696 0.47071000 0.87147000
2697 0.47071000 0.87147000
2698 0.47071000 0.87147000
2699 0.47071000 0.87147000
2700 0.47071000 0.87147000
2701 0.47071000 0.87147000
2702 0.47071000 0.87147000
2703 0.47071000 0.87147000
2704 0.47071000 0.87147000
2705 0.47071000 0.87147000
2706 0.47071000 0.87147000
2707 0.47071000 0.87147000
2708 0.47071000 0.87147000
2709 0.47071000 0.87147000
2710 0.47071000 0.87147000
2711 0.47071000 0.87147000
2712 0.47071000 0.87147000
2713 0.47071000 0.87147000
2714 0.47071000 0.87147000
2715 0.47071000 0.87147000
2716 0.47071000 0.87147000
2717 0.47071000 0.87147000
2718 0.47071000 0.87147000
2719 0.47071000 0.87147000
2720 0.47071000 0.87147000
2721 0.47071000 0.87147000
2722 0.47071000 0.87147000
2723 0.47071000 0.87147000
2724 0.47071000 0.87147000
2725 0.47071000 0.87147000
2726 0.47071000 0.87147000
2727 0.47071000 0.87147000
2728 0.47071000 0.87147000
2729 0.47071000 0.87147000
2730 0.47071000 0.87147000
2731 0.47071000 0.87147000
2732 0.47071000 0.87147000
2733 0.47071000 0.87147000
2734 0.47071000 0.87147000
2735 0.47071000 0.87147000
2736 0.47071000 0.87147000
2737 0.47071000 0.87147000
2738 0.47071000 0.87147000
2739 0.47071000 0.87147000
2740 0.47071000 0.87147000
2741 0.47071000 0.87147000
2742 0.47071000 0.87147000
2743 0.47071000 0.87147000
2744 0.47071000 0.87147000
2745 0.47071000 0.87147000
2746 0.47071000 0.87147000
2747 0.47071000 0.87147000
2748 0.47071000 0.87147000
2749 0.47071000 0.87147000
2750 0.47071000 0.87147000
2751 0.47071000 0.87147000
2752 0.47071000 0.87147000
2753 0.47071000 0.87147000
2754 0.47071000 0.87147000
2755 0.47071000 0.87147000
2756 0.47071000 0.87147000
2757 0.47071000 0.87147000
2758 0.47071000 0.87147000
2759 0.47071000 0.87147000
2760 0.47071000 0.87147000
2761 0.47071000 0.87147000
2762 0.47071000 0.87147000
2763 0.47071000 0.87147000
2764 0.47071000 0.87147000
2765 0.47071000 0.87147000
2766 0.47071000 0.87147000
2767 0.47071000 0.87147000
2768 0.47071000 0.87147000
2769 0.47071000 0.87147000
2770 0.47071000 0.87147000
2771 0.47071000 0.87147000
2772 0.47071000 0.87147000
2773 0.47071000 0.87147000
2774 0.47071000 0.87147000
2775 0.47071000 0.87147000
2776 0.47071000 0.87147000
2777 0.47071000 0.87147000
2778 0.47071000 0.87147000
2779 0.47071000 0.87147000
2780 0.47071000 0.87147000
2781 0.47071000 0.87147000
2782 0.47071000 0.87147000
2783 0.47071000 0.87147000
2784 0.47071000 0.87147000
2785 0.47071000 0.87147000
2786 0.47071000 0.87147000
2787 0.47071000 0.87147000
2788 0.47071000 0.87147000
2789 0.47071000 0.87147000
2790 0.47071000 0.87147000
2791 0.47071000 0.87147000
2792 0.47071000 0.87147000
2793 0.47071000 0.87147000
2794 0.47071000 0.87147000
2795 0.47071000 0.87147000
2796 0.47071000 0.87147000
2797 0.47071000 0.87147000
2798 0.47071000 0.87147000
2799 0.47071000 0.87147000
2800 0.47071000 0.87147000
2801 0.47071000 0.87147000
2802 0.47071000 0.87147000
2803 0.47071000 0.87147000
2804 0.47071000 0.87147000
2805 0.47071000 0.87147000
2806 0.47071000 0.87147000
2807 0.47071000 0.87147000
2808 0.47071000 0.87147000
2809 0.47071000 0.87147000
2810 0.47071000 0.87147000
2811 0.47071000 0.87147000
2812 0.47071000 0.87147000
2813 0.47071000 0.87147000
2814 0.47071000 0.87147000
2815 0.47071000 0.87147000
2816 0.47071000 0.87147000
2817 0.47071000 0.87147000
2818 0.47071000 0.87147000
2819 0.47071000 0.87147000
2820 0.47071000 0.87147000
2821 0.47071000 0.87147000
2822 0.47071000 0.87147000
2823 0.47071000 0.87147000
2824 0.47071000 0.87147000
2825 0.47071000 0.87147000
2826 0.47071000 0.87147000
2827 0.47071000 0.87147000
2828 0.47071000 0.87147000
2829 0.47071000 0.87147000
2830 0.47071000 0.87147000
2831 0.47071000 0.87147000
2832 0.47071000 0.87147000
2833 0.47071000 0.87147000
2834 0.47071000 0.87147000
2835 0.47071000 0.87147000
2836 0.47071000 0.87147000
2837 0.47071000 0.87147000
2838 0.47071000 0.87147000
2839 0.47071000 0.87147000
2840 0.47071000 0.87147000
2841 0.47071000 0.87147000
2842 0.47071000 0.87147000
2843 0.47071000 0.87147000
2844 0.47071000 0.87147000
2845 0.47071000 0.87147000
2846 0.47071000 0.87147000
2847 0.47071000 0.87147000
2848 0.47071000 0.87147000
2849 0.47071000 0.87147000
2850 0.47071000 0.87147000
2851 0.47071000 0.87147000
2852 0.47071000 0.87147000
2853 0.47071000 0.87147000
2854 0.47071000 0.87147000
2855 0.47071000 0.87147000
2856 0.47071000 0.87147000
2857 0.47071000 0.87147000
2858 0.47071000 0.87147000
2859 0.47071000 0.87147000
2860 0.47071000 0.87147000
2861 0.47071000 0.87147000
2862 0.47071000 0.87147000
2863 0.47071000 0.87147000
2864 0.47071000 0.87147000
2865 0.47071000 0.87147000
2866 0.47071000 0.87147000
2867 0.47071000 0.87147000
2868 0.47071000 0.87147000
2869 0.47071000 0.87147000
2870 0.47071000 0.87147000
2871 0.47071000 0.87147000
2872 0.47071000 0.87147000
2873 0.47071000 0.87147000
2874 0.47071000 0.87147000
2875 0.47071000 0.87147000
2876 0.47071000 0.87147000
2877 0.47071000 0.87147000
2878 0.47071000 0.87147000
2879 0.47071000 0.87147000
2880 0.47071000 0.87147000
2881 0.47071000 0.87147000
2882 0.47071000 0.87147000
2883 0.47071000 0.87147000
2884 0.47071000 0.87147000
2885 0.47071000 0.87147000
2886 0.47071000 0.87147000
2887 0.47071000 0.87147000
2888 0.47071000 0.87147000
2889 0.47071000 0.87147000
2890 0.47071000 0.87147000
2891 0.47071000 0.87147000
2892 0.47071000 0.87147000
2893 0.47071000 0.87147000
2894 0.47071000 0.87147000
2895 0.47071000 0.87147000
2896 0.47071000 0.87147000
2897 0.47071000 0.87147000
2898 0.47071000 0.87147000
2899 0.47071000 0.87147000
2900 0.47071000 0.87147000
2901 0.47071000 0.87147000
2902 0.47071000 0.87147000
2903 0.47071000 0.87147000
2904 0.47071000 0.87147000
2905 0.47071000 0.87147000
2906 0.47071000 0.87147000
2907 0.47071000 0.87147000
2908 0.47071000 0.87147000
2909 0.47071000 0.87147000
2910 0.47071000 0.87147000
2911 0.47071000 0.87147000
2912 0.47071000 0.87147000
2913 0.47071000 0.87147000
2914 0.47071000 0.87147000
2915 0.47071000 0.87147000
2916 0.47071000 0.87147000
2917 0.47071000 0.87147000
2918 0.47071000 0.87147000
2919 0.47071000 0.87147000
2920 0.47071000 0.87147000
2921 0.47071000 0.87147000
2922 0.47071000 0.87147000
2923 0.47071000 0.87147000
2924 0.47071000 0.87147000
2925 0.47071000 0.87147000
2926 0.47071000 0.87147000
2927 0.47071000 0.87147000
2928 0.47071000 0.87147000
2929 0.47071000 0.87147000
2930 0.47071000 0.87147000
2931 0.47071000 0.87147000
2932 0.47071000 0.87147000
2933 0.47071000 0.87147000
2934 0.47071000 0.87147000
2935 0.47071000 0.87147000
2936 0.47071000 0.87147000
2937 0.47071000 0.87147000
2938 0.47071000 0.87147000
2939 0.47071000 0.87147000
2940 0.47071000 0.87147000
2941 0.47071000 0.87147000
2942 0.47071000 0.87147000
2943 0.47071000 0.87147000
2944 0.47071000 0.87147000
2945 0.47071000 0.87147000
2946 0.47071000 0.87147000
2947 0.47071000 0.87147000
2948 0.47071000 0.87147000
2949 0.47071000 0.87147000
2950 0.47071000 0.87147000
2951 0.47071000 0.87147000
2952 0.47071000 0.87147000
2953 0.47071000 0.87147000
2954 0.47071000 0.87147000
2955 0.47071000 0.87147000
2956 0.47071000 0.87147000
2957 0.47071000 0.87147000
2958 0.47071000 0.87147000
2959 0.47071000 0.87147000
2960 0.47071000 0.87147000
2961 0.47071000 0.87147000
2962 0.47071000 0.87147000
2963 0.47071000 0.87147000
2964 0.47071000 0.87147000
2965 0.47071000 0.87147000
2966 0.47071000 0.87147000
2967 0.47071000 0.87147000
2968 0.47071000 0.87147000
2969 0.47071000 0.87147000
2970 0.47071000 0.87147000
2971 0.47071000 0.87147000
2972 0.47071000 0.87147000
2973 0.47071000 0.87147000
2974 0.47071000 0.87147000
2975 0.47071000 0.87147000
2976 0.47071000 0.87147000
2977 0.47071000 0.87147000
2978 0.47071000 0.87147000
2979 0.47071000 0.87147000
2980 0.47071000 0.87147000
2981 0.47071000 0.87147000
2982 0.47071000 0.87147000
2983 0.47071000 0.87147000
2984 0.47071000 0.87147000
2985 0.47071000 0.87147000
2986 0.47071000 0.87147000
2987 0.47071000 0.87147000
2988 0.47071000 0.87147000
2989 0.47071000 0.87147000
2990 0.47071000 0.87147000
2991 0.47071000 0.87147000
2992 0.47071000 0.87147000
2993 0.47071000 0.87147000
2994 0.47071000 0.87147000
2995 0.47071000 0.87147000
2996 0.47071000 0.87147000
2997 0.47071000 0.87147000
2998 0.47071000 0.87147000
2999 0.47071000 0.87147000
3000 0.47071000 0.87147000
3001 0.47071000 0.87147000
3002 0.47071000 0.87147000
3003 0.47071000 0.87147000
3004 0.47071000 0.87147000
3005 0.47071000 0.87147000
3006 0.47071000 0.87147000
3007 0.47071000 0.87147000
3008 0.47071000 0.87147000
3009 0.47071000 0.87147000
3010 0.47071000 0.87147000
3011 0.47071000 0.87147000
3012 0.47071000 0.87147000
3013 0.47071000 0.87147000
3014 0.47071000 0.87147000
3015 0.47071000 0.87147000
3016 0.47071000 0.87147000
3017 0.47071000 0.87147000
3018 0.47071000 0.87147000
3019 0.47071000 0.87147000
3020 0.47071000 0.87147000
3021 0.47071000 0.87147000
3022 0.47071000 0.87147000
3023 0.47071000 0.87147000

