#1	
float Methane_setpoint(2184,2)
0	0.316262573
1	0.316265517
2	0.31626765
3	0.316269479
4	0.316270786
5	0.316271582
6	0.316272145
7	0.316272523
8	0.31627278
9	0.316272967
10	0.316273091
11	0.316273181
12	0.316273263
13	0.316273335
14	0.316273396
15	0.316273449
16	0.316273497
17	0.316273541
18	0.316273582
19	0.316273621
20	0.316273658
21	0.316273693
22	0.316273727
23	0.316273759
24	0.316273789
25	0.316273817
26	0.316273843
27	0.316273868
28	0.316273892
29	0.316273915
30	0.316273936
31	0.316273955
32	0.316273974
33	0.316273991
34	0.316274006
35	0.316274021
36	0.316274034
37	0.316274046
38	0.316274057
39	0.316274068
40	0.316274077
41	0.316274085
42	0.316274093
43	0.316274099
44	0.316274105
45	0.316274111
46	0.316274115
47	0.316274119
48	0.316274123
49	0.316274126
50	0.316274128
51	0.31627413
52	0.316274131
53	0.316274132
54	0.316274133
55	0.316274133
56	0.316274133
57	0.316274133
58	0.316274133
59	0.316274132
60	0.316274131
61	0.31627413
62	0.316274129
63	0.316274128
64	0.316274126
65	0.316274124
66	0.316274122
67	0.31627412
68	0.316274118
69	0.316274116
70	0.316274114
71	0.316274111
72	0.316274109
73	0.316274106
74	0.316274103
75	0.316274101
76	0.316274098
77	0.316274095
78	0.316274092
79	0.31627409
80	0.316274087
81	0.316274084
82	0.316274081
83	0.316274078
84	0.316274075
85	0.316274072
86	0.316274069
87	0.316274067
88	0.316274064
89	0.316274061
90	0.316274058
91	0.316274055
92	0.316274052
93	0.316274049
94	0.316274046
95	0.316274044
96	0.316274041
97	0.316274038
98	0.316274035
99	0.316274032
100	0.31627403
101	0.316274027
102	0.316274024
103	0.316274022
104	0.316274019
105	0.316274016
106	0.316274014
107	0.316274011
108	0.316274009
109	0.316274006
110	0.316274004
111	0.316274001
112	0.316273999
113	0.316273996
114	0.316273994
115	0.316273991
116	0.316273989
117	0.316273987
118	0.316273984
119	0.316273982
120	0.31627398
121	0.316273978
122	0.316273976
123	0.316273973
124	0.316273971
125	0.316273969
126	0.316273967
127	0.316273965
128	0.316273963
129	0.316273961
130	0.316273959
131	0.316273957
132	0.316273955
133	0.316273953
134	0.316273951
135	0.316273949
136	0.316273948
137	0.316273946
138	0.316273944
139	0.316273942
140	0.31627394
141	0.316273939
142	0.316273937
143	0.316273935
144	0.316273934
145	0.316273932
146	0.31627393
147	0.316273929
148	0.316273927
149	0.316273926
150	0.316273924
151	0.316273923
152	0.316273921
153	0.31627392
154	0.316273918
155	0.316273917
156	0.316273915
157	0.316273914
158	0.316273912
159	0.316273911
160	0.31627391
161	0.316273908
162	0.316273907
163	0.316273906
164	0.316273904
165	0.316273903
166	0.316273902
167	0.316273901
168	0.316273899
169	0.316273898
170	0.316273897
171	0.316273896
172	0.316273895
173	0.316273893
174	0.316273892
175	0.316273891
176	0.31627389
177	0.316273889
178	0.316273888
179	0.316273887
180	0.316273886
181	0.316273885
182	0.316273884
183	0.316273883
184	0.316273882
185	0.316273881
186	0.31627388
187	0.316273879
188	0.316273878
189	0.316273877
190	0.316273876
191	0.316273875
192	0.316273874
193	0.316273873
194	0.316273873
195	0.316273872
196	0.316273871
197	0.31627387
198	0.316273869
199	0.316273868
200	0.316273867
201	0.316273867
202	0.316273866
203	0.316273865
204	0.316273864
205	0.316273864
206	0.316273863
207	0.316273862
208	0.316273861
209	0.316273861
210	0.31627386
211	0.316273859
212	0.316273859
213	0.316273858
214	0.316273857
215	0.316273857
216	0.316273856
217	0.316273855
218	0.316273855
219	0.316273854
220	0.316273853
221	0.316273853
222	0.316273852
223	0.316273852
224	0.316273851
225	0.31627385
226	0.31627385
227	0.316273849
228	0.316273849
229	0.316273848
230	0.316273848
231	0.316273847
232	0.316273847
233	0.316273846
234	0.316273845
235	0.316273845
236	0.316273844
237	0.316273844
238	0.316273843
239	0.316273843
240	0.316273842
241	0.316273842
242	0.316273842
243	0.316273841
244	0.316273841
245	0.31627384
246	0.31627384
247	0.316273839
248	0.316273839
249	0.316273838
250	0.316273838
251	0.316273838
252	0.316273837
253	0.316273837
254	0.316273836
255	0.316273836
256	0.316273836
257	0.316273835
258	0.316273835
259	0.316273834
260	0.316273834
261	0.316273834
262	0.316273833
263	0.316273833
264	0.316273833
265	0.316273832
266	0.316273832
267	0.316273832
268	0.316273831
269	0.316273831
270	0.316273831
271	0.31627383
272	0.31627383
273	0.31627383
274	0.316273829
275	0.316273829
276	0.316273829
277	0.316273828
278	0.316273828
279	0.316273828
280	0.316273828
281	0.316273827
282	0.316273827
283	0.316273827
284	0.316273826
285	0.316273826
286	0.316273826
287	0.316273826
288	0.316273825
289	0.316273825
290	0.316273825
291	0.316273825
292	0.316273824
293	0.316273824
294	0.316273824
295	0.316273824
296	0.316273823
297	0.316273823
298	0.316273823
299	0.316273823
300	0.316273823
301	0.316273822
302	0.316273822
303	0.316273822
304	0.316273822
305	0.316273822
306	0.316273821
307	0.316273821
308	0.316273821
309	0.316273821
310	0.316273821
311	0.31627382
312	0.31627382
313	0.31627382
314	0.31627382
315	0.31627382
316	0.316273819
317	0.316273819
318	0.316273819
319	0.316273819
320	0.316273819
321	0.316273819
322	0.316273818
323	0.316273818
324	0.316273818
325	0.316273818
326	0.316273818
327	0.316273818
328	0.316273817
329	0.316273817
330	0.316273817
331	0.316273817
332	0.316273817
333	0.316273817
334	0.316273817
335	0.316273816
336	0.316273816
337	0.316273816
338	0.316273816
339	0.316273816
340	0.316273816
341	0.316273816
342	0.316273815
343	0.316273815
344	0.316273815
345	0.316273815
346	0.316273815
347	0.316273815
348	0.316273815
349	0.316273815
350	0.316273814
351	0.316273814
352	0.316273814
353	0.316273814
354	0.316273814
355	0.316273814
356	0.316273814
357	0.316273814
358	0.316273814
359	0.316273813
360	0.316273813
361	0.316273813
362	0.316273813
363	0.316273813
364	0.316273813
365	0.316273813
366	0.316273813
367	0.316273813
368	0.316273813
369	0.316273812
370	0.316273812
371	0.316273812
372	0.316273812
373	0.316273812
374	0.316273812
375	0.316273812
376	0.316273812
377	0.316273812
378	0.316273812
379	0.316273812
380	0.316273812
381	0.316273811
382	0.316273811
383	0.316273811
384	0.316273811
385	0.316273811
386	0.316273811
387	0.316273811
388	0.316273811
389	0.316273811
390	0.316273811
391	0.316273811
392	0.316273811
393	0.316273811
394	0.316273811
395	0.31627381
396	0.31627381
397	0.31627381
398	0.31627381
399	0.31627381
400	0.31627381
401	0.31627381
402	0.31627381
403	0.31627381
404	0.31627381
405	0.31627381
406	0.31627381
407	0.31627381
408	0.31627381
409	0.31627381
410	0.31627381
411	0.31627381
412	0.316273809
413	0.316273809
414	0.316273809
415	0.316273809
416	0.316273809
417	0.316273809
418	0.316273809
419	0.316273809
420	0.316273809
421	0.316273809
422	0.316273809
423	0.316273809
424	0.316273809
425	0.316273809
426	0.316273809
427	0.316273809
428	0.316273809
429	0.316273809
430	0.316273809
431	0.316273809
432	0.316273809
433	0.316273808
434	0.316273808
435	0.316273808
436	0.316273808
437	0.316273808
438	0.316273808
439	0.316273808
440	0.316273808
441	0.316273808
442	0.316273808
443	0.316273808
444	0.316273808
445	0.316273808
446	0.316273808
447	0.316273808
448	0.316273808
449	0.316273808
450	0.316273808
451	0.316273808
452	0.316273808
453	0.316273808
454	0.316273808
455	0.316273808
456	0.316273808
457	0.316273808
458	0.316273808
459	0.316273808
460	0.316273808
461	0.316273808
462	0.316273807
463	0.316273807
464	0.316273807
465	0.316273807
466	0.316273807
467	0.316273807
468	0.316273807
469	0.316273807
470	0.316273807
471	0.316273807
472	0.316273807
473	0.316273807
474	0.316273807
475	0.316273807
476	0.316273807
477	0.316273807
478	0.316273807
479	0.316273807
480	0.316273807
481	0.316273807
482	0.316273807
483	0.316273807
484	0.316273807
485	0.316273807
486	0.316273807
487	0.316273807
488	0.316273807
489	0.316273807
490	0.316273807
491	0.316273807
492	0.316273807
493	0.316273807
494	0.316273807
495	0.316273807
496	0.316273807
497	0.316273807
498	0.316273807
499	0.316273807
500	0.316273807
501	0.316273807
502	0.316273807
503	0.316273807
504	0.316273807
505	0.316273807
506	0.316273807
507	0.316273807
508	0.316273806
509	0.316273806
510	0.316273806
511	0.316273806
512	0.316273806
513	0.316273806
514	0.316273806
515	0.316273806
516	0.316273806
517	0.316273806
518	0.316273806
519	0.316273806
520	0.316273806
521	0.316273806
522	0.316273806
523	0.316273806
524	0.316273806
525	0.316273806
526	0.316273806
527	0.316273806
528	0.316273806
529	0.316273806
530	0.316273806
531	0.316273806
532	0.316273806
533	0.316273806
534	0.316273806
535	0.316273806
536	0.316273806
537	0.316273806
538	0.316273806
539	0.316273806
540	0.316273806
541	0.316273806
542	0.316273806
543	0.316273806
544	0.316273806
545	0.316273806
546	0.316273806
547	0.316273806
548	0.316273806
549	0.316273806
550	0.316273806
551	0.316273806
552	0.316273806
553	0.316273806
554	0.316273806
555	0.316273806
556	0.316273806
557	0.316273806
558	0.316273806
559	0.316273806
560	0.316273806
561	0.316273806
562	0.316273806
563	0.316273806
564	0.316273806
565	0.316273806
566	0.316273806
567	0.316273806
568	0.316273806
569	0.316273806
570	0.316273806
571	0.316273806
572	0.316273806
573	0.316273806
574	0.316273806
575	0.316273806
576	0.316273806
577	0.316273806
578	0.316273806
579	0.316273806
580	0.316273806
581	0.316273806
582	0.316273806
583	0.316273806
584	0.316273806
585	0.316273806
586	0.316273806
587	0.316273806
588	0.316273806
589	0.316273806
590	0.316273806
591	0.316273806
592	0.316273806
593	0.316273806
594	0.316273806
595	0.316273806
596	0.316273806
597	0.316273806
598	0.316273806
599	0.316273806
600	0.316273806
601	0.316273806
602	0.316273806
603	0.316273806
604	0.316273806
605	0.316273806
606	0.316273806
607	0.316273806
608	0.316273806
609	0.316273806
610	0.316273805
611	0.316273805
612	0.316273805
613	0.316273807
614	0.316274063
615	0.316275198
616	0.316277432
617	0.316281517
618	0.316288134
619	0.316297523
620	0.316310514
621	0.316327159
622	0.316348004
623	0.316373367
624	0.316403462
625	0.316438532
626	0.316478705
627	0.316524163
628	0.316574946
629	0.316631177
630	0.316692912
631	0.316760182
632	0.316833023
633	0.316911444
634	0.316995441
635	0.317085009
636	0.317180121
637	0.317280747
638	0.317386859
639	0.31749841
640	0.317615351
641	0.317737621
642	0.317865189
643	0.31799797
644	0.318135934
645	0.318278984
646	0.318427088
647	0.318580161
648	0.318738155
649	0.318900978
650	0.319068833
651	0.319243711
652	0.319421961
653	0.319605392
654	0.319792727
655	0.319984295
656	0.32018213
657	0.320382644
658	0.320587386
659	0.320795746
660	0.321009943
661	0.321226052
662	0.321446722
663	0.321671011
664	0.321900944
665	0.322132519
666	0.322368871
667	0.322607674
668	0.322851294
669	0.323096574
670	0.323345337
671	0.323597541
672	0.323853121
673	0.324112019
674	0.324374172
675	0.324639547
676	0.32490807
677	0.325179712
678	0.325454401
679	0.325732103
680	0.32601279
681	0.3262974
682	0.326584993
683	0.326875139
684	0.327168676
685	0.327464305
686	0.327762042
687	0.328063482
688	0.328366711
689	0.328673308
690	0.328981585
691	0.329292981
692	0.329605823
693	0.329921803
694	0.330239523
695	0.330560256
696	0.330881914
697	0.331205802
698	0.331531878
699	0.331860111
700	0.33219046
701	0.332522899
702	0.332857386
703	0.333193895
704	0.333532385
705	0.333872832
706	0.334215197
707	0.334559453
708	0.334905571
709	0.335253518
710	0.335603268
711	0.335954784
712	0.336308046
713	0.336663021
714	0.337019681
715	0.337378005
716	0.337737959
717	0.338099522
718	0.338462664
719	0.338827362
720	0.339193594
721	0.339561328
722	0.339930549
723	0.340301226
724	0.340673337
725	0.341046863
726	0.341421777
727	0.341798061
728	0.34217569
729	0.342554644
730	0.342934905
731	0.343316447
732	0.343699255
733	0.344083305
734	0.34446858
735	0.344855062
736	0.345242728
737	0.345631563
738	0.346021548
739	0.346412664
740	0.346804897
741	0.347198226
742	0.347592634
743	0.347988109
744	0.348384632
745	0.348782185
746	0.349180754
747	0.349580323
748	0.349980877
749	0.350382402
750	0.350784882
751	0.351188304
752	0.351592653
753	0.351997914
754	0.352404076
755	0.352811124
756	0.353219044
757	0.353627826
758	0.354037455
759	0.354447917
760	0.354859204
761	0.355271299
762	0.355684194
763	0.356097876
764	0.356512333
765	0.356927554
766	0.35734353
767	0.357760248
768	0.358177698
769	0.35859587
770	0.359014751
771	0.359434334
772	0.359854609
773	0.360275565
774	0.360697193
775	0.361119483
776	0.361542427
777	0.361966015
778	0.362390238
779	0.362815088
780	0.363240556
781	0.363666633
782	0.364093312
783	0.364520583
784	0.36494844
785	0.365376874
786	0.365805877
787	0.366235443
788	0.366665563
789	0.36709623
790	0.367527437
791	0.367959177
792	0.368391444
793	0.36882423
794	0.369257528
795	0.369691331
796	0.370125635
797	0.370560432
798	0.370995716
799	0.37143148
800	0.37186772
801	0.372304428
802	0.372741599
803	0.373179228
804	0.373617309
805	0.374055836
806	0.374494805
807	0.374934209
808	0.375374043
809	0.375814303
810	0.376254983
811	0.376696079
812	0.377137585
813	0.377579497
814	0.37802181
815	0.378464519
816	0.378907621
817	0.37935111
818	0.379794983
819	0.380239234
820	0.38068386
821	0.381128857
822	0.381574221
823	0.382019947
824	0.382466031
825	0.382912471
826	0.383359262
827	0.3838064
828	0.384253882
829	0.384701704
830	0.385149863
831	0.385598354
832	0.386047176
833	0.386496324
834	0.386945795
835	0.387395586
836	0.387845694
837	0.388296116
838	0.388746848
839	0.389197889
840	0.389649234
841	0.39010088
842	0.390552825
843	0.391005067
844	0.391457602
845	0.391910428
846	0.392363542
847	0.392816941
848	0.393270624
849	0.393724586
850	0.394178827
851	0.394633343
852	0.395088132
853	0.395543192
854	0.39599852
855	0.396454114
856	0.396909973
857	0.397366093
858	0.397822473
859	0.39827911
860	0.398736002
861	0.399193148
862	0.399650546
863	0.400108192
864	0.400566086
865	0.401024226
866	0.401482609
867	0.401941234
868	0.402400099
869	0.402859201
870	0.403318541
871	0.403778115
872	0.404237921
873	0.404697959
874	0.405158227
875	0.405618723
876	0.406079445
877	0.406540392
878	0.407001562
879	0.407462954
880	0.407924566
881	0.408386397
882	0.408848445
883	0.40931071
884	0.409773188
885	0.41023588
886	0.410698783
887	0.411161897
888	0.41162522
889	0.412088751
890	0.412552488
891	0.413016431
892	0.413480577
893	0.413944926
894	0.414409477
895	0.414874228
896	0.415339178
897	0.415804326
898	0.416269671
899	0.416735212
900	0.417200947
901	0.417666876
902	0.418132998
903	0.41859931
904	0.419065814
905	0.419532506
906	0.419999386
907	0.420466454
908	0.420933708
909	0.421401147
910	0.421868771
911	0.422336578
912	0.422804567
913	0.423272738
914	0.423741089
915	0.42420962
916	0.424678329
917	0.425147216
918	0.42561628
919	0.42608552
920	0.426554936
921	0.427024525
922	0.427494288
923	0.427964223
924	0.428434331
925	0.428904609
926	0.429375057
927	0.429845674
928	0.43031646
929	0.430787414
930	0.431258535
931	0.431729822
932	0.432201274
933	0.43267289
934	0.433144671
935	0.433616614
936	0.43408872
937	0.434560988
938	0.435033416
939	0.435506005
940	0.435978753
941	0.436451659
942	0.436924723
943	0.437397945
944	0.437871323
945	0.438344857
946	0.438818546
947	0.43929239
948	0.439766387
949	0.440240537
950	0.440714732
951	0.441188645
952	0.441661775
953	0.442133543
954	0.442603401
955	0.443070858
956	0.443535492
957	0.443996937
958	0.444454884
959	0.444909074
960	0.445359298
961	0.44580537
962	0.446247156
963	0.446684549
964	0.447117463
965	0.447545841
966	0.447969644
967	0.44838885
968	0.448803453
969	0.449213459
970	0.449618885
971	0.450019756
972	0.450416106
973	0.450807975
974	0.451195407
975	0.451578453
976	0.451957165
977	0.452331599
978	0.452701812
979	0.453067865
980	0.453429816
981	0.453787729
982	0.454141663
983	0.454491682
984	0.454837845
985	0.455180216
986	0.455518855
987	0.455853822
988	0.456185176
989	0.456512977
990	0.456837281
991	0.457158145
992	0.457475624
993	0.457789774
994	0.458100646
995	0.458408295
996	0.45871277
997	0.459014121
998	0.459312397
999	0.459607645
1000	0.459899912
1001	0.460189243
1002	0.460475683
1003	0.460759273
1004	0.461040056
1005	0.461318073
1006	0.461593363
1007	0.461865965
1008	0.462135916
1009	0.462403255
1010	0.462668016
1011	0.462930234
1012	0.463189944
1013	0.463447177
1014	0.463701967
1015	0.463954344
1016	0.46420434
1017	0.464451983
1018	0.464697303
1019	0.464940328
1020	0.465181085
1021	0.465419601
1022	0.465655902
1023	0.465890013
1024	0.46612196
1025	0.466351766
1026	0.466579454
1027	0.466805048
1028	0.46702857
1029	0.467250042
1030	0.467469484
1031	0.467686918
1032	0.467902363
1033	0.468115839
1034	0.468327366
1035	0.468536963
1036	0.468744646
1037	0.468950435
1038	0.469154346
1039	0.469356397
1040	0.469556605
1041	0.469754984
1042	0.469951552
1043	0.470146323
1044	0.470339313
1045	0.470530537
1046	0.470720008
1047	0.470907741
1048	0.47109375
1049	0.471278048
1050	0.471460649
1051	0.471641565
1052	0.471820808
1053	0.471998392
1054	0.472174328
1055	0.472348628
1056	0.472521303
1057	0.472692366
1058	0.472861827
1059	0.473029697
1060	0.473195987
1061	0.473360706
1062	0.473523867
1063	0.473685477
1064	0.473845548
1065	0.474004089
1066	0.47416111
1067	0.47431662
1068	0.474470627
1069	0.474623142
1070	0.474774173
1071	0.474923728
1072	0.475071817
1073	0.475218448
1074	0.475363628
1075	0.475507367
1076	0.475649672
1077	0.475790551
1078	0.475930013
1079	0.476068063
1080	0.476204711
1081	0.476339964
1082	0.476473829
1083	0.476606314
1084	0.476737425
1085	0.47686717
1086	0.476995556
1087	0.477122589
1088	0.477248277
1089	0.477372627
1090	0.477495645
1091	0.477617338
1092	0.477737712
1093	0.477856774
1094	0.477974531
1095	0.478090988
1096	0.478206153
1097	0.478320032
1098	0.478432631
1099	0.478543955
1100	0.478654013
1101	0.478762809
1102	0.478870349
1103	0.478976641
1104	0.479081689
1105	0.4791855
1106	0.47928808
1107	0.479389435
1108	0.479489572
1109	0.479588495
1110	0.479686211
1111	0.479782726
1112	0.479878045
1113	0.479972175
1114	0.480065122
1115	0.480156891
1116	0.480247488
1117	0.480336919
1118	0.48042519
1119	0.480512307
1120	0.480598276
1121	0.480683102
1122	0.480766792
1123	0.480849352
1124	0.480930786
1125	0.481011102
1126	0.481090304
1127	0.481168399
1128	0.481245393
1129	0.481321293
1130	0.481396102
1131	0.481469829
1132	0.481542478
1133	0.481614056
1134	0.481684568
1135	0.481754021
1136	0.48182242
1137	0.481889773
1138	0.481956084
1139	0.48202136
1140	0.482085607
1141	0.482148831
1142	0.482211038
1143	0.482272234
1144	0.482332427
1145	0.482391621
1146	0.482449823
1147	0.48250704
1148	0.482563277
1149	0.482618541
1150	0.482672839
1151	0.482726176
1152	0.482778559
1153	0.482829994
1154	0.482880489
1155	0.482930049
1156	0.48297868
1157	0.48302639
1158	0.483073185
1159	0.483119071
1160	0.483164055
1161	0.483208143
1162	0.483251343
1163	0.483293661
1164	0.483335103
1165	0.483375676
1166	0.483415387
1167	0.483454243
1168	0.48349225
1169	0.483529416
1170	0.483565746
1171	0.483601249
1172	0.48363593
1173	0.483669796
1174	0.483702855
1175	0.483735114
1176	0.483766578
1177	0.483797256
1178	0.483827154
1179	0.483856279
1180	0.483884638
1181	0.483912238
1182	0.483939087
1183	0.48396519
1184	0.483990556
1185	0.484015191
1186	0.484039103
1187	0.484062298
1188	0.484084783
1189	0.484106566
1190	0.484127654
1191	0.484148053
1192	0.484167772
1193	0.484186816
1194	0.484205194
1195	0.484222912
1196	0.484239978
1197	0.484256399
1198	0.484272181
1199	0.484287332
1200	0.484301859
1201	0.48431577
1202	0.484329071
1203	0.484341769
1204	0.484353872
1205	0.484365388
1206	0.484376321
1207	0.484386682
1208	0.484396475
1209	0.484405708
1210	0.484414389
1211	0.484422525
1212	0.484430122
1213	0.484437187
1214	0.484443728
1215	0.484449752
1216	0.484455266
1217	0.484460276
1218	0.48446479
1219	0.484468815
1220	0.484472357
1221	0.484475424
1222	0.484478023
1223	0.484480159
1224	0.484481841
1225	0.484483075
1226	0.484483868
1227	0.484484227
1228	0.484484158
1229	0.484483669
1230	0.484482765
1231	0.484481454
1232	0.484479742
1233	0.484477636
1234	0.484475143
1235	0.484472268
1236	0.484469019
1237	0.484465402
1238	0.484461424
1239	0.48445709
1240	0.484452408
1241	0.484447384
1242	0.484442024
1243	0.484436333
1244	0.48443032
1245	0.484423989
1246	0.484417347
1247	0.4844104
1248	0.484403154
1249	0.484395615
1250	0.484387789
1251	0.484379682
1252	0.484371301
1253	0.48436265
1254	0.484353735
1255	0.484344563
1256	0.48433514
1257	0.48432547
1258	0.484315559
1259	0.484305413
1260	0.484295038
1261	0.484284439
1262	0.484273622
1263	0.484262591
1264	0.484251352
1265	0.484239911
1266	0.484228273
1267	0.484216442
1268	0.484204425
1269	0.484192225
1270	0.484179849
1271	0.484167301
1272	0.484154586
1273	0.484141708
1274	0.484128674
1275	0.484115487
1276	0.484102152
1277	0.484088675
1278	0.484075058
1279	0.484061308
1280	0.484047428
1281	0.484033423
1282	0.484019298
1283	0.484005057
1284	0.483990703
1285	0.483976242
1286	0.483961677
1287	0.483947012
1288	0.483932252
1289	0.483917401
1290	0.483902463
1291	0.483887441
1292	0.483872339
1293	0.483857161
1294	0.483841912
1295	0.483826594
1296	0.483811211
1297	0.483795767
1298	0.483780265
1299	0.483764709
1300	0.483749102
1301	0.483733448
1302	0.48371775
1303	0.48370201
1304	0.483686234
1305	0.483670423
1306	0.48365458
1307	0.483638709
1308	0.483622813
1309	0.483606894
1310	0.483590956
1311	0.483575002
1312	0.483559033
1313	0.483543054
1314	0.483527066
1315	0.483511073
1316	0.483495076
1317	0.483479079
1318	0.483463083
1319	0.483447093
1320	0.483431109
1321	0.483415134
1322	0.48339917
1323	0.483383221
1324	0.483367287
1325	0.483351371
1326	0.483335476
1327	0.483319603
1328	0.483303754
1329	0.483287932
1330	0.483272138
1331	0.483256374
1332	0.483240642
1333	0.483224944
1334	0.483209282
1335	0.483193657
1336	0.483178072
1337	0.483162527
1338	0.483147024
1339	0.483131565
1340	0.483116152
1341	0.483100786
1342	0.483085468
1343	0.4830702
1344	0.483054983
1345	0.483039818
1346	0.483024707
1347	0.483009652
1348	0.482994653
1349	0.482979711
1350	0.482964828
1351	0.482950004
1352	0.482935242
1353	0.482920541
1354	0.482905903
1355	0.48289133
1356	0.482876821
1357	0.482862378
1358	0.482848001
1359	0.482833692
1360	0.482819452
1361	0.48280528
1362	0.482791179
1363	0.482777148
1364	0.482763189
1365	0.482749302
1366	0.482735488
1367	0.482721746
1368	0.482708079
1369	0.482694487
1370	0.482680969
1371	0.482667528
1372	0.482654162
1373	0.482640873
1374	0.482627661
1375	0.482614526
1376	0.482601469
1377	0.482588491
1378	0.482575591
1379	0.48256277
1380	0.482550028
1381	0.482537366
1382	0.482524783
1383	0.482512281
1384	0.482499859
1385	0.482487517
1386	0.482475256
1387	0.482463076
1388	0.482450977
1389	0.482438959
1390	0.482427022
1391	0.482415167
1392	0.482403393
1393	0.4823917
1394	0.482380089
1395	0.48236856
1396	0.482357112
1397	0.482345746
1398	0.482334461
1399	0.482323258
1400	0.482312136
1401	0.482301096
1402	0.482290137
1403	0.482279259
1404	0.482268463
1405	0.482257748
1406	0.482247113
1407	0.48223656
1408	0.482226087
1409	0.482215694
1410	0.482205382
1411	0.48219515
1412	0.482184998
1413	0.482174926
1414	0.482164934
1415	0.48215502
1416	0.482145186
1417	0.482135431
1418	0.482125754
1419	0.482116156
1420	0.482106635
1421	0.482097193
1422	0.482087828
1423	0.482078541
1424	0.48206933
1425	0.482060196
1426	0.482051138
1427	0.482042157
1428	0.482033251
1429	0.48202442
1430	0.482015665
1431	0.482006984
1432	0.481998378
1433	0.481989846
1434	0.481981387
1435	0.481973002
1436	0.481964689
1437	0.481956449
1438	0.481948281
1439	0.481940186
1440	0.481932161
1441	0.481924208
1442	0.481916325
1443	0.481908512
1444	0.481900769
1445	0.481893096
1446	0.481885492
1447	0.481877956
1448	0.481870489
1449	0.481863089
1450	0.481855757
1451	0.481848492
1452	0.481841293
1453	0.481834161
1454	0.481827094
1455	0.481820093
1456	0.481813156
1457	0.481806284
1458	0.481799476
1459	0.481792732
1460	0.48178605
1461	0.481779432
1462	0.481772875
1463	0.481766381
1464	0.481759948
1465	0.481753576
1466	0.481747264
1467	0.481741013
1468	0.481734821
1469	0.481728689
1470	0.481722616
1471	0.4817166
1472	0.481710643
1473	0.481704744
1474	0.481698901
1475	0.481693115
1476	0.481687385
1477	0.481681711
1478	0.481676093
1479	0.481670529
1480	0.48166502
1481	0.481659565
1482	0.481654164
1483	0.481648816
1484	0.48164352
1485	0.481638277
1486	0.481633086
1487	0.481627946
1488	0.481622858
1489	0.48161782
1490	0.481612833
1491	0.481607895
1492	0.481603006
1493	0.481598167
1494	0.481593376
1495	0.481588634
1496	0.481583939
1497	0.481579292
1498	0.481574692
1499	0.481570138
1500	0.48156563
1501	0.481561168
1502	0.481556752
1503	0.48155238
1504	0.481548053
1505	0.48154377
1506	0.481539531
1507	0.481535336
1508	0.481531183
1509	0.481527073
1510	0.481523005
1511	0.481518979
1512	0.481514995
1513	0.481511052
1514	0.481507149
1515	0.481503287
1516	0.481499465
1517	0.481495683
1518	0.48149194
1519	0.481488235
1520	0.48148457
1521	0.481480942
1522	0.481477352
1523	0.4814738
1524	0.481470285
1525	0.481466807
1526	0.481463365
1527	0.48145996
1528	0.48145659
1529	0.481453255
1530	0.481449956
1531	0.481446691
1532	0.481443461
1533	0.481440265
1534	0.481437103
1535	0.481433974
1536	0.481430878
1537	0.481427815
1538	0.481424785
1539	0.481421787
1540	0.481418821
1541	0.481415886
1542	0.481412982
1543	0.48141011
1544	0.481407268
1545	0.481404456
1546	0.481401675
1547	0.481398923
1548	0.481396201
1549	0.481393508
1550	0.481390844
1551	0.481388208
1552	0.481385601
1553	0.481383022
1554	0.48138047
1555	0.481377946
1556	0.48137545
1557	0.48137298
1558	0.481370537
1559	0.48136812
1560	0.48136573
1561	0.481363365
1562	0.481361026
1563	0.481358712
1564	0.481356424
1565	0.48135416
1566	0.481351921
1567	0.481349707
1568	0.481347516
1569	0.481345349
1570	0.481343206
1571	0.481341087
1572	0.48133899
1573	0.481336917
1574	0.481334866
1575	0.481332838
1576	0.481330831
1577	0.481328847
1578	0.481326885
1579	0.481324944
1580	0.481323025
1581	0.481321126
1582	0.481319249
1583	0.481317392
1584	0.481315556
1585	0.48131374
1586	0.481311944
1587	0.481310168
1588	0.481308411
1589	0.481306674
1590	0.481304957
1591	0.481303258
1592	0.481301578
1593	0.481299917
1594	0.481298274
1595	0.48129665
1596	0.481295043
1597	0.481293455
1598	0.481291884
1599	0.481290331
1600	0.481288795
1601	0.481287277
1602	0.481285775
1603	0.48128429
1604	0.481282822
1605	0.48128137
1606	0.481279935
1607	0.481278515
1608	0.481277112
1609	0.481275725
1610	0.481274353
1611	0.481272996
1612	0.481271655
1613	0.481270329
1614	0.481269018
1615	0.481267722
1616	0.481266441
1617	0.481265174
1618	0.481263921
1619	0.481262683
1620	0.481261459
1621	0.481260248
1622	0.481259052
1623	0.481257869
1624	0.4812567
1625	0.481255544
1626	0.481254401
1627	0.481253271
1628	0.481252154
1629	0.48125105
1630	0.481249959
1631	0.481248881
1632	0.481247814
1633	0.48124676
1634	0.481245718
1635	0.481244689
1636	0.481243671
1637	0.481242665
1638	0.48124167
1639	0.481240687
1640	0.481239716
1641	0.481238755
1642	0.481237806
1643	0.481236868
1644	0.481235941
1645	0.481235025
1646	0.48123412
1647	0.481233225
1648	0.48123234
1649	0.481231466
1650	0.481230603
1651	0.481229749
1652	0.481228906
1653	0.481228072
1654	0.481227248
1655	0.481226434
1656	0.48122563
1657	0.481224835
1658	0.48122405
1659	0.481223274
1660	0.481222508
1661	0.48122175
1662	0.481221002
1663	0.481220262
1664	0.481219531
1665	0.48121881
1666	0.481218096
1667	0.481217392
1668	0.481216696
1669	0.481216008
1670	0.481215329
1671	0.481214658
1672	0.481213995
1673	0.48121334
1674	0.481212693
1675	0.481212054
1676	0.481211423
1677	0.4812108
1678	0.481210184
1679	0.481209576
1680	0.481208975
1681	0.481208382
1682	0.481207796
1683	0.481207218
1684	0.481206646
1685	0.481206082
1686	0.481205525
1687	0.481204975
1688	0.481204431
1689	0.481203895
1690	0.481203365
1691	0.481202842
1692	0.481202325
1693	0.481201815
1694	0.481201312
1695	0.481200815
1696	0.481200324
1697	0.48119984
1698	0.481199362
1699	0.48119889
1700	0.481198424
1701	0.481197964
1702	0.48119751
1703	0.481197062
1704	0.48119662
1705	0.481196183
1706	0.481195753
1707	0.481195328
1708	0.481194908
1709	0.481194494
1710	0.481194086
1711	0.481193683
1712	0.481193285
1713	0.481192893
1714	0.481192506
1715	0.481192124
1716	0.481191747
1717	0.481191376
1718	0.481191009
1719	0.481190647
1720	0.481190291
1721	0.481189939
1722	0.481189592
1723	0.48118925
1724	0.481188913
1725	0.48118858
1726	0.481188252
1727	0.481187929
1728	0.48118761
1729	0.481187296
1730	0.481186986
1731	0.48118668
1732	0.481186379
1733	0.481186082
1734	0.48118579
1735	0.481185501
1736	0.481185217
1737	0.481184937
1738	0.481184661
1739	0.481184389
1740	0.481184122
1741	0.481183858
1742	0.481183598
1743	0.481183342
1744	0.48118309
1745	0.481182841
1746	0.481182597
1747	0.481182356
1748	0.481182119
1749	0.481181885
1750	0.481181655
1751	0.481181429
1752	0.481181206
1753	0.481180987
1754	0.481180771
1755	0.481180559
1756	0.48118035
1757	0.481180145
1758	0.481179942
1759	0.481179743
1760	0.481179548
1761	0.481179355
1762	0.481179166
1763	0.48117898
1764	0.481178797
1765	0.481178617
1766	0.48117844
1767	0.481178267
1768	0.481178096
1769	0.481177928
1770	0.481177763
1771	0.481177601
1772	0.481177442
1773	0.481177286
1774	0.481177133
1775	0.481176982
1776	0.481176834
1777	0.481176689
1778	0.481176547
1779	0.481176407
1780	0.48117627
1781	0.481176136
1782	0.481176004
1783	0.481175875
1784	0.481175748
1785	0.481175624
1786	0.481175502
1787	0.481175383
1788	0.481175266
1789	0.481175152
1790	0.48117504
1791	0.48117493
1792	0.481174823
1793	0.481174718
1794	0.481174615
1795	0.481174515
1796	0.481174416
1797	0.481174321
1798	0.481174227
1799	0.481174135
1800	0.481174046
1801	0.481173958
1802	0.481173873
1803	0.48117379
1804	0.481173709
1805	0.48117363
1806	0.481173553
1807	0.481173478
1808	0.481173405
1809	0.481173334
1810	0.481173265
1811	0.481173197
1812	0.481173132
1813	0.481173069
1814	0.481173007
1815	0.481172947
1816	0.481172889
1817	0.481172833
1818	0.481172779
1819	0.481172726
1820	0.481172675
1821	0.481172626
1822	0.481172579
1823	0.481172533
1824	0.481172489
1825	0.481172447
1826	0.481172406
1827	0.481172367
1828	0.481172329
1829	0.481172293
1830	0.481172259
1831	0.481172226
1832	0.481172194
1833	0.481172165
1834	0.481172136
1835	0.481172109
1836	0.481172084
1837	0.48117206
1838	0.481172038
1839	0.481172016
1840	0.481171997
1841	0.481171979
1842	0.481171962
1843	0.481171946
1844	0.481171932
1845	0.481171919
1846	0.481171908
1847	0.481171897
1848	0.481171888
1849	0.481171881
1850	0.481171874
1851	0.481171869
1852	0.481171865
1853	0.481171862
1854	0.481171861
1855	0.481171861
1856	0.481171861
1857	0.481171863
1858	0.481171867
1859	0.481171871
1860	0.481171876
1861	0.481171883
1862	0.481171891
1863	0.481171899
1864	0.481171909
1865	0.48117192
1866	0.481171932
1867	0.481171945
1868	0.481171959
1869	0.481171974
1870	0.48117199
1871	0.481172008
1872	0.481172026
1873	0.481172045
1874	0.481172065
1875	0.481172086
1876	0.481172108
1877	0.48117213
1878	0.481172154
1879	0.481172179
1880	0.481172204
1881	0.481172231
1882	0.481172258
1883	0.481172286
1884	0.481172315
1885	0.481172345
1886	0.481172376
1887	0.481172408
1888	0.48117244
1889	0.481172473
1890	0.481172507
1891	0.481172542
1892	0.481172578
1893	0.481172614
1894	0.481172651
1895	0.481172689
1896	0.481172728
1897	0.481172767
1898	0.481172808
1899	0.481172848
1900	0.48117289
1901	0.481172932
1902	0.481172975
1903	0.481173019
1904	0.481173063
1905	0.481173108
1906	0.481173154
1907	0.4811732
1908	0.481173247
1909	0.481173295
1910	0.481173343
1911	0.481173392
1912	0.481173441
1913	0.481173491
1914	0.481173542
1915	0.481173593
1916	0.481173645
1917	0.481173698
1918	0.481173751
1919	0.481173804
1920	0.481173858
1921	0.481173913
1922	0.481173968
1923	0.481174024
1924	0.481174081
1925	0.481174138
1926	0.481174195
1927	0.481174253
1928	0.481174311
1929	0.48117437
1930	0.48117443
1931	0.48117449
1932	0.48117455
1933	0.481174611
1934	0.481174672
1935	0.481174734
1936	0.481174796
1937	0.481174858
1938	0.481174921
1939	0.481174985
1940	0.481175049
1941	0.481175113
1942	0.481175178
1943	0.481175243
1944	0.481175308
1945	0.481175374
1946	0.48117544
1947	0.481175507
1948	0.481175574
1949	0.481175642
1950	0.481175709
1951	0.481175778
1952	0.481175846
1953	0.481175915
1954	0.481175984
1955	0.481176054
1956	0.481176124
1957	0.481176194
1958	0.481176265
1959	0.481176335
1960	0.481176407
1961	0.481176478
1962	0.48117655
1963	0.481176622
1964	0.481176695
1965	0.481176768
1966	0.481176841
1967	0.481176914
1968	0.481176988
1969	0.481177062
1970	0.481177136
1971	0.48117721
1972	0.481177285
1973	0.48117736
1974	0.481177435
1975	0.481177511
1976	0.481177587
1977	0.481177663
1978	0.481177739
1979	0.481177815
1980	0.481177892
1981	0.481177969
1982	0.481178046
1983	0.481178123
1984	0.481178201
1985	0.481178279
1986	0.481178357
1987	0.481178435
1988	0.481178513
1989	0.481178592
1990	0.481178671
1991	0.48117875
1992	0.481178829
1993	0.481178908
1994	0.481178988
1995	0.481179068
1996	0.481179148
1997	0.481179228
1998	0.481179308
1999	0.481179388
2000	0.481179469
2001	0.48117955
2002	0.48117963
2003	0.481179711
2004	0.481179793
2005	0.481179874
2006	0.481179955
2007	0.481180037
2008	0.481180119
2009	0.4811802
2010	0.481180282
2011	0.481180364
2012	0.481180447
2013	0.481180529
2014	0.481180611
2015	0.481180694
2016	0.481180777
2017	0.481180859
2018	0.481180942
2019	0.481181025
2020	0.481181108
2021	0.481181192
2022	0.481181275
2023	0.481181358
2024	0.481181442
2025	0.481181525
2026	0.481181609
2027	0.481181692
2028	0.481181776
2029	0.48118186
2030	0.481181944
2031	0.481182028
2032	0.481182112
2033	0.481182196
2034	0.48118228
2035	0.481182364
2036	0.481182449
2037	0.481182533
2038	0.481182617
2039	0.481182702
2040	0.481182786
2041	0.481182871
2042	0.481182955
2043	0.48118304
2044	0.481183125
2045	0.481183209
2046	0.481183294
2047	0.481183379
2048	0.481183464
2049	0.481183549
2050	0.481183633
2051	0.481183718
2052	0.481183803
2053	0.481183888
2054	0.481183973
2055	0.481184058
2056	0.481184143
2057	0.481184228
2058	0.481184313
2059	0.481184398
2060	0.481184483
2061	0.481184568
2062	0.481184653
2063	0.481184738
2064	0.481184823
2065	0.481184908
2066	0.481184993
2067	0.481185078
2068	0.481185163
2069	0.481185248
2070	0.481185333
2071	0.481185418
2072	0.481185503
2073	0.481185588
2074	0.481185673
2075	0.481185758
2076	0.481185843
2077	0.481185928
2078	0.481186013
2079	0.481186097
2080	0.481186182
2081	0.481186267
2082	0.481186352
2083	0.481186437
2084	0.481186521
2085	0.481186606
2086	0.481186691
2087	0.481186775
2088	0.48118686
2089	0.481186944
2090	0.481187029
2091	0.481187113
2092	0.481187197
2093	0.481187282
2094	0.481187366
2095	0.48118745
2096	0.481187535
2097	0.481187619
2098	0.481187703
2099	0.481187787
2100	0.481187871
2101	0.481187955
2102	0.481188039
2103	0.481188122
2104	0.481188206
2105	0.48118829
2106	0.481188374
2107	0.481188457
2108	0.481188541
2109	0.481188624
2110	0.481188708
2111	0.481188791
2112	0.481188874
2113	0.481188957
2114	0.481189041
2115	0.481189124
2116	0.481189207
2117	0.48118929
2118	0.481189372
2119	0.481189455
2120	0.481189538
2121	0.481189621
2122	0.481189703
2123	0.481189786
2124	0.481189868
2125	0.48118995
2126	0.481190033
2127	0.481190115
2128	0.481190197
2129	0.481190279
2130	0.481190361
2131	0.481190443
2132	0.481190524
2133	0.481190606
2134	0.481190687
2135	0.481190769
2136	0.48119085
2137	0.481190932
2138	0.481191013
2139	0.481191094
2140	0.481191175
2141	0.481191256
2142	0.481191337
2143	0.481191418
2144	0.481191498
2145	0.481191579
2146	0.481191659
2147	0.48119174
2148	0.48119182
2149	0.4811919
2150	0.48119198
2151	0.48119206
2152	0.48119214
2153	0.48119222
2154	0.4811923
2155	0.481192379
2156	0.481192459
2157	0.481192538
2158	0.481192617
2159	0.481192696
2160	0.481192775
2161	0.481192854
2162	0.481192933
2163	0.481193012
2164	0.481193091
2165	0.481193169
2166	0.481193248
2167	0.481193326
2168	0.481193404
2169	0.481193482
2170	0.48119356
2171	0.481193638
2172	0.481193716
2173	0.481193794
2174	0.481193871
2175	0.481193948
2176	0.481194026
2177	0.481194103
2178	0.48119418
2179	0.481194257
2180	0.481194334
2181	0.481194411
2182	0.481194487
2183	0.481194564

