#1	
float Methane_setpoint(2184,2)
0	0.373644875
1	0.373837255
2	0.374028936
3	0.374193685
4	0.374333693
5	0.374444535
6	0.374537712
7	0.374614952
8	0.374681687
9	0.374739204
10	0.374792264
11	0.374837757
12	0.374876346
13	0.374909069
14	0.374937016
15	0.374960311
16	0.374979938
17	0.374996301
18	0.375009641
19	0.375020528
20	0.375029015
21	0.37503557
22	0.375040319
23	0.375043479
24	0.375045222
25	0.375045728
26	0.375045161
27	0.375043606
28	0.375041149
29	0.375037931
30	0.375033981
31	0.375029423
32	0.37502432
33	0.375018708
34	0.375012668
35	0.375006222
36	0.374999442
37	0.374992351
38	0.37498499
39	0.374977397
40	0.374969587
41	0.374961604
42	0.374953458
43	0.374945178
44	0.374936784
45	0.374928287
46	0.37491971
47	0.374911066
48	0.374902369
49	0.374893633
50	0.374884867
51	0.374876084
52	0.37486729
53	0.374858493
54	0.374849704
55	0.374840925
56	0.374832168
57	0.374823436
58	0.374814733
59	0.374806066
60	0.374797438
61	0.374788854
62	0.374780318
63	0.374771831
64	0.374763397
65	0.374755019
66	0.374746699
67	0.374738439
68	0.374730241
69	0.374722107
70	0.374714038
71	0.374706036
72	0.3746981
73	0.374690233
74	0.374682436
75	0.374674708
76	0.374667052
77	0.374659466
78	0.374651951
79	0.374644508
80	0.374637137
81	0.374629838
82	0.374622611
83	0.374615456
84	0.374608373
85	0.374601362
86	0.374594422
87	0.374587554
88	0.374580757
89	0.37457403
90	0.374567374
91	0.374560788
92	0.374554272
93	0.374547825
94	0.374541447
95	0.374535137
96	0.374528895
97	0.374522721
98	0.374516613
99	0.374510571
100	0.374504595
101	0.374498684
102	0.374492838
103	0.374487055
104	0.374481336
105	0.37447568
106	0.374470086
107	0.374464554
108	0.374459082
109	0.374453671
110	0.37444832
111	0.374443028
112	0.374437795
113	0.37443262
114	0.374427502
115	0.374422441
116	0.374417436
117	0.374412486
118	0.374407592
119	0.374402752
120	0.374397966
121	0.374393233
122	0.374388553
123	0.374383925
124	0.374379348
125	0.374374822
126	0.374370347
127	0.374365921
128	0.374361544
129	0.374357217
130	0.374352937
131	0.374348705
132	0.37434452
133	0.374340382
134	0.374336289
135	0.374332242
136	0.37432824
137	0.374324283
138	0.374320369
139	0.374316499
140	0.374312671
141	0.374308887
142	0.374305144
143	0.374301443
144	0.374297783
145	0.374294163
146	0.374290583
147	0.374287043
148	0.374283542
149	0.37428008
150	0.374276657
151	0.374273271
152	0.374269922
153	0.374266611
154	0.374263335
155	0.374260097
156	0.374256894
157	0.374253726
158	0.374250593
159	0.374247495
160	0.37424443
161	0.3742414
162	0.374238403
163	0.374235439
164	0.374232507
165	0.374229608
166	0.37422674
167	0.374223904
168	0.3742211
169	0.374218326
170	0.374215582
171	0.374212868
172	0.374210185
173	0.37420753
174	0.374204905
175	0.374202308
176	0.37419974
177	0.3741972
178	0.374194688
179	0.374192203
180	0.374189745
181	0.374187314
182	0.37418491
183	0.374182532
184	0.374180179
185	0.374177853
186	0.374175552
187	0.374173275
188	0.374171024
189	0.374168797
190	0.374166595
191	0.374164416
192	0.374162261
193	0.374160129
194	0.374158021
195	0.374155935
196	0.374153872
197	0.374151832
198	0.374149814
199	0.374147817
200	0.374145842
201	0.374143889
202	0.374141956
203	0.374140045
204	0.374138154
205	0.374136284
206	0.374134434
207	0.374132603
208	0.374130793
209	0.374129002
210	0.374127231
211	0.374125478
212	0.374123745
213	0.37412203
214	0.374120334
215	0.374118656
216	0.374116996
217	0.374115354
218	0.374113729
219	0.374112122
220	0.374110532
221	0.374108959
222	0.374107404
223	0.374105865
224	0.374104342
225	0.374102836
226	0.374101345
227	0.374099871
228	0.374098413
229	0.37409697
230	0.374095543
231	0.37409413
232	0.374092733
233	0.374091351
234	0.374089984
235	0.374088631
236	0.374087293
237	0.374085972
238	0.374084673
239	0.374083381
240	0.374082098
241	0.37408083
242	0.374079574
243	0.374078332
244	0.374077104
245	0.374075888
246	0.374074685
247	0.374073495
248	0.374072318
249	0.374071153
250	0.37407
251	0.37406886
252	0.374067732
253	0.374066615
254	0.374065511
255	0.374064418
256	0.374063336
257	0.374062266
258	0.374061207
259	0.37406016
260	0.374059123
261	0.374058098
262	0.374057083
263	0.374056079
264	0.374055085
265	0.374054102
266	0.374053129
267	0.374052167
268	0.374051214
269	0.374050272
270	0.374049339
271	0.374048416
272	0.374047503
273	0.374046599
274	0.374045705
275	0.37404482
276	0.374043944
277	0.374043077
278	0.37404222
279	0.374041371
280	0.374040531
281	0.3740397
282	0.374038878
283	0.374038064
284	0.374037258
285	0.374036461
286	0.374035672
287	0.374034892
288	0.374034119
289	0.374033354
290	0.374032597
291	0.374031848
292	0.374031107
293	0.374030374
294	0.374029648
295	0.374028929
296	0.374028218
297	0.374027514
298	0.374026817
299	0.374026128
300	0.374025445
301	0.37402477
302	0.374024101
303	0.374023439
304	0.374022784
305	0.374022136
306	0.374021494
307	0.374020859
308	0.37402023
309	0.374019608
310	0.374018992
311	0.374018382
312	0.374017779
313	0.374017181
314	0.37401659
315	0.374016004
316	0.374015425
317	0.374014851
318	0.374014283
319	0.374013721
320	0.374013164
321	0.374012613
322	0.374012068
323	0.374011528
324	0.374010993
325	0.374010464
326	0.37400994
327	0.374009421
328	0.374008908
329	0.3740084
330	0.374007896
331	0.374007398
332	0.374006904
333	0.374006416
334	0.374005932
335	0.374005453
336	0.374004979
337	0.37400451
338	0.374004045
339	0.374003584
340	0.374003129
341	0.374002677
342	0.374002231
343	0.374001788
344	0.37400135
345	0.374000916
346	0.374000486
347	0.374000061
348	0.37399964
349	0.373999222
350	0.373998809
351	0.3739984
352	0.373997995
353	0.373997594
354	0.373997196
355	0.373996802
356	0.373996413
357	0.373996027
358	0.373995644
359	0.373995266
360	0.373994891
361	0.373994519
362	0.373994151
363	0.373993787
364	0.373993426
365	0.373993068
366	0.373992714
367	0.373992363
368	0.373992016
369	0.373991672
370	0.373991331
371	0.373990993
372	0.373990658
373	0.373990327
374	0.373989999
375	0.373989673
376	0.373989351
377	0.373989032
378	0.373988716
379	0.373988403
380	0.373988092
381	0.373987785
382	0.37398748
383	0.373987178
384	0.373986879
385	0.373986583
386	0.373986289
387	0.373985998
388	0.37398571
389	0.373985424
390	0.373985141
391	0.373984861
392	0.373984583
393	0.373984307
394	0.373984034
395	0.373983764
396	0.373983496
397	0.37398323
398	0.373982967
399	0.373982706
400	0.373982448
401	0.373982191
402	0.373981937
403	0.373981686
404	0.373981436
405	0.373981189
406	0.373980944
407	0.373980701
408	0.37398046
409	0.373980221
410	0.373979985
411	0.37397975
412	0.373979518
413	0.373979287
414	0.373979059
415	0.373978832
416	0.373978608
417	0.373978385
418	0.373978164
419	0.373977946
420	0.373977729
421	0.373977514
422	0.3739773
423	0.373977089
424	0.373976879
425	0.373976671
426	0.373976465
427	0.373976261
428	0.373976058
429	0.373975857
430	0.373975658
431	0.37397546
432	0.373975264
433	0.37397507
434	0.373974877
435	0.373974686
436	0.373974496
437	0.373974308
438	0.373974122
439	0.373973937
440	0.373973753
441	0.373973571
442	0.373973391
443	0.373973212
444	0.373973034
445	0.373972858
446	0.373972683
447	0.37397251
448	0.373972338
449	0.373972167
450	0.373971998
451	0.37397183
452	0.373971663
453	0.373971498
454	0.373971334
455	0.373971171
456	0.37397101
457	0.37397085
458	0.373970691
459	0.373970533
460	0.373970376
461	0.373970221
462	0.373970067
463	0.373969914
464	0.373969762
465	0.373969611
466	0.373969462
467	0.373969313
468	0.373969166
469	0.37396902
470	0.373968875
471	0.373968731
472	0.373968588
473	0.373968446
474	0.373968306
475	0.373968167
476	0.373968028
477	0.37396789
478	0.373967754
479	0.373967618
480	0.373967483
481	0.373967349
482	0.373967217
483	0.373967085
484	0.373966954
485	0.373966825
486	0.373966696
487	0.373966568
488	0.37396644
489	0.373966314
490	0.373966189
491	0.373966065
492	0.373965941
493	0.373965818
494	0.373965696
495	0.373965576
496	0.373965455
497	0.373965336
498	0.373965217
499	0.373965099
500	0.373964982
501	0.373964865
502	0.37396475
503	0.373964635
504	0.373964521
505	0.373964408
506	0.373964295
507	0.373964183
508	0.373964072
509	0.373963962
510	0.373963852
511	0.373963743
512	0.373963635
513	0.373963527
514	0.37396342
515	0.373963314
516	0.373963209
517	0.373963104
518	0.373963
519	0.373962896
520	0.373962793
521	0.373962691
522	0.37396259
523	0.373962489
524	0.373962388
525	0.373962289
526	0.373962189
527	0.373962091
528	0.373961993
529	0.373961896
530	0.373961799
531	0.373961703
532	0.373961607
533	0.373961512
534	0.373961418
535	0.373961324
536	0.373961231
537	0.373961138
538	0.373961046
539	0.373960954
540	0.373960863
541	0.373960772
542	0.373960682
543	0.373960593
544	0.373960504
545	0.373960415
546	0.373960327
547	0.373960239
548	0.373960152
549	0.373960066
550	0.37395998
551	0.373959894
552	0.373959809
553	0.373959724
554	0.37395964
555	0.373959556
556	0.373959473
557	0.37395939
558	0.373959307
559	0.373959225
560	0.373959144
561	0.373959063
562	0.373958982
563	0.373958902
564	0.373958822
565	0.373958743
566	0.373958664
567	0.373958585
568	0.373958507
569	0.373958429
570	0.373958352
571	0.373958275
572	0.373958198
573	0.373958122
574	0.373958046
575	0.373957971
576	0.373957895
577	0.373957821
578	0.373957746
579	0.373957672
580	0.373957599
581	0.373957526
582	0.373957453
583	0.37395738
584	0.373957308
585	0.373957236
586	0.373957165
587	0.373957093
588	0.373957023
589	0.373956952
590	0.373956882
591	0.373956812
592	0.373956743
593	0.373956673
594	0.373956605
595	0.373956536
596	0.373956468
597	0.3739564
598	0.373956332
599	0.373956265
600	0.373956198
601	0.373956131
602	0.373956065
603	0.373955999
604	0.373955933
605	0.373955867
606	0.373955802
607	0.373955737
608	0.373955673
609	0.373955608
610	0.373955544
611	0.37395548
612	0.373955417
613	0.373955356
614	0.373955561
615	0.373956601
616	0.373958674
617	0.373962378
618	0.373968215
619	0.373976343
620	0.373987339
621	0.374001252
622	0.374018429
623	0.374039087
624	0.37406336
625	0.374091408
626	0.374123308
627	0.374159178
628	0.374199054
629	0.374242997
630	0.374291049
631	0.374343226
632	0.374399551
633	0.374460024
634	0.374524645
635	0.3745934
636	0.374666277
637	0.37474325
638	0.374824302
639	0.374909386
640	0.37499849
641	0.375091555
642	0.37518856
643	0.375289455
644	0.375394352
645	0.375504751
646	0.375618402
647	0.375735738
648	0.375855385
649	0.375978647
650	0.376105471
651	0.376235821
652	0.376369645
653	0.376507067
654	0.376649497
655	0.376794251
656	0.376942443
657	0.3770954
658	0.377249776
659	0.377408722
660	0.377569038
661	0.377733304
662	0.377899189
663	0.378067953
664	0.378239856
665	0.378416104
666	0.378594675
667	0.378776259
668	0.378959733
669	0.379145272
670	0.379333466
671	0.379524282
672	0.379717681
673	0.379913616
674	0.380112042
675	0.380312941
676	0.380516254
677	0.380721965
678	0.380930018
679	0.381140394
680	0.381353043
681	0.381567941
682	0.381785044
683	0.382004326
684	0.382225747
685	0.382449281
686	0.382674894
687	0.382902553
688	0.383132223
689	0.383363879
690	0.383597488
691	0.383833022
692	0.384070451
693	0.384309749
694	0.384550883
695	0.384793831
696	0.385038567
697	0.385285059
698	0.385533277
699	0.385783204
700	0.386034809
701	0.386288072
702	0.386542962
703	0.386799464
704	0.387057544
705	0.387317188
706	0.387578365
707	0.387841061
708	0.388105245
709	0.388370904
710	0.388638013
711	0.38890655
712	0.389176491
713	0.389447823
714	0.389720523
715	0.389994571
716	0.390269949
717	0.390546636
718	0.390824617
719	0.391103871
720	0.391384383
721	0.391666132
722	0.391949104
723	0.392233279
724	0.392518643
725	0.392805176
726	0.393092865
727	0.393381692
728	0.393671643
729	0.393962703
730	0.394254856
731	0.394548088
732	0.394842384
733	0.395137731
734	0.395434115
735	0.395731519
736	0.396029931
737	0.396329338
738	0.396629728
739	0.396931086
740	0.397233403
741	0.397536662
742	0.397840855
743	0.398145965
744	0.398451986
745	0.398758903
746	0.399066704
747	0.39937538
748	0.399684918
749	0.399995309
750	0.40030654
751	0.400618603
752	0.400931487
753	0.40124518
754	0.401559675
755	0.40187496
756	0.402191026
757	0.402507865
758	0.402825465
759	0.403143819
760	0.403462917
761	0.40378275
762	0.40410331
763	0.404424588
764	0.404746576
765	0.405069265
766	0.405392647
767	0.405716714
768	0.40604146
769	0.406366875
770	0.406692951
771	0.407019682
772	0.40734706
773	0.407675078
774	0.408003729
775	0.408333005
776	0.4086629
777	0.408993407
778	0.40932452
779	0.409656232
780	0.409988535
781	0.410321425
782	0.410654895
783	0.410988937
784	0.411323548
785	0.411658719
786	0.411994446
787	0.412330723
788	0.412667544
789	0.413004904
790	0.413342796
791	0.413681215
792	0.414020158
793	0.414359617
794	0.414699587
795	0.415040065
796	0.415381043
797	0.415722519
798	0.416064486
799	0.41640694
800	0.416749876
801	0.41709329
802	0.417437177
803	0.417781532
804	0.418126351
805	0.41847163
806	0.418817364
807	0.419163549
808	0.419510181
809	0.419857255
810	0.420204768
811	0.420552716
812	0.420901094
813	0.421249899
814	0.421599126
815	0.421948773
816	0.422298835
817	0.422649309
818	0.42300019
819	0.423351475
820	0.423703162
821	0.424055245
822	0.424407723
823	0.424760591
824	0.425113846
825	0.425467484
826	0.425821504
827	0.4261759
828	0.426530671
829	0.426885812
830	0.427241322
831	0.427597196
832	0.427953431
833	0.428310026
834	0.428666976
835	0.429024279
836	0.429381932
837	0.429739932
838	0.430098276
839	0.430456962
840	0.430815987
841	0.431175347
842	0.431535041
843	0.431895066
844	0.432255418
845	0.432616096
846	0.432977097
847	0.433338418
848	0.433700057
849	0.434062011
850	0.434424278
851	0.434786855
852	0.435149741
853	0.435512932
854	0.435876426
855	0.436240221
856	0.436604315
857	0.436968704
858	0.437333388
859	0.437698364
860	0.438063629
861	0.438429181
862	0.438795018
863	0.439161138
864	0.439527539
865	0.439894218
866	0.440261174
867	0.440628404
868	0.440995906
869	0.441363678
870	0.441731719
871	0.442100025
872	0.442468596
873	0.442837428
874	0.443206521
875	0.443575872
876	0.443945478
877	0.444315339
878	0.444685452
879	0.445055815
880	0.445426426
881	0.445797284
882	0.446168386
883	0.44653973
884	0.446911316
885	0.44728314
886	0.447655201
887	0.448027497
888	0.448400027
889	0.448772788
890	0.449145779
891	0.449518997
892	0.449892442
893	0.45026611
894	0.450640002
895	0.451014113
896	0.451388444
897	0.451762992
898	0.452137755
899	0.452512732
900	0.452887921
901	0.45326332
902	0.453638927
903	0.454014741
904	0.45439076
905	0.454766982
906	0.455143406
907	0.45552003
908	0.455896851
909	0.456273869
910	0.456651082
911	0.457028488
912	0.457406085
913	0.457783872
914	0.458161847
915	0.458540008
916	0.458918354
917	0.459296883
918	0.459675593
919	0.460054483
920	0.46043355
921	0.460812794
922	0.461192213
923	0.461571805
924	0.461951568
925	0.462331501
926	0.462711601
927	0.463091869
928	0.463472301
929	0.463852896
930	0.464233652
931	0.464614569
932	0.464995643
933	0.465376874
934	0.46575826
935	0.466139799
936	0.46652149
937	0.466903331
938	0.46728532
939	0.467667455
940	0.468049736
941	0.46843216
942	0.468814726
943	0.469197432
944	0.469580277
945	0.469963258
946	0.470346374
947	0.470729624
948	0.471113006
949	0.471496515
950	0.471879913
951	0.472262784
952	0.472644657
953	0.47302505
954	0.47340355
955	0.473779795
956	0.474153476
957	0.474524324
958	0.47489212
959	0.475256665
960	0.475617815
961	0.475975421
962	0.476329386
963	0.476679626
964	0.477026067
965	0.477368656
966	0.477707358
967	0.478042143
968	0.478372996
969	0.478699909
970	0.479022882
971	0.479341922
972	0.479657041
973	0.479968257
974	0.480275592
975	0.480579071
976	0.480878722
977	0.481174577
978	0.481466669
979	0.481755034
980	0.482039707
981	0.482320724
982	0.482598127
983	0.482871953
984	0.483142239
985	0.483409032
986	0.483672367
987	0.483932284
988	0.484188825
989	0.48444203
990	0.484691938
991	0.48493859
992	0.485182022
993	0.485422275
994	0.485659388
995	0.485893399
996	0.486124344
997	0.48635226
998	0.486577184
999	0.486799152
1000	0.487018199
1001	0.487234361
1002	0.487447671
1003	0.487658162
1004	0.487865869
1005	0.488070823
1006	0.488273057
1007	0.488472603
1008	0.488669489
1009	0.488863749
1010	0.489055412
1011	0.489244507
1012	0.489431063
1013	0.489615108
1014	0.489796672
1015	0.48997578
1016	0.490152459
1017	0.490326736
1018	0.490498639
1019	0.490668192
1020	0.490835422
1021	0.491000351
1022	0.491163005
1023	0.491323409
1024	0.491481586
1025	0.491637559
1026	0.491791353
1027	0.491942988
1028	0.492092488
1029	0.492239875
1030	0.492385171
1031	0.492528396
1032	0.492669573
1033	0.492808722
1034	0.492945863
1035	0.493081018
1036	0.493214207
1037	0.493345448
1038	0.493474763
1039	0.493602169
1040	0.493727687
1041	0.493851335
1042	0.493973133
1043	0.494093098
1044	0.494211248
1045	0.494327602
1046	0.494442178
1047	0.494554994
1048	0.494666068
1049	0.494775416
1050	0.494883056
1051	0.494989005
1052	0.49509328
1053	0.495195898
1054	0.495296875
1055	0.495396228
1056	0.495493973
1057	0.495590127
1058	0.495684705
1059	0.495777724
1060	0.495869199
1061	0.495959146
1062	0.496047581
1063	0.496134519
1064	0.496219975
1065	0.496303966
1066	0.496386505
1067	0.496467608
1068	0.496547291
1069	0.496625567
1070	0.496702451
1071	0.49677796
1072	0.496852106
1073	0.496924905
1074	0.49699637
1075	0.497066517
1076	0.497135359
1077	0.497202911
1078	0.497269186
1079	0.497334199
1080	0.497397964
1081	0.497460494
1082	0.497521803
1083	0.497581906
1084	0.497640815
1085	0.497698545
1086	0.497755108
1087	0.497810517
1088	0.497864788
1089	0.497917932
1090	0.497969963
1091	0.498020894
1092	0.498070738
1093	0.498119508
1094	0.498167216
1095	0.498213877
1096	0.498259503
1097	0.498304107
1098	0.4983477
1099	0.498390296
1100	0.498431907
1101	0.498472546
1102	0.498512225
1103	0.498550957
1104	0.498588752
1105	0.498625625
1106	0.498661588
1107	0.498696651
1108	0.498730827
1109	0.498764129
1110	0.498796567
1111	0.498828154
1112	0.498858901
1113	0.498888821
1114	0.498917924
1115	0.498946223
1116	0.498973727
1117	0.499000451
1118	0.499026403
1119	0.499051596
1120	0.499076041
1121	0.499099749
1122	0.49912273
1123	0.499144997
1124	0.499166559
1125	0.499187428
1126	0.499207614
1127	0.499227129
1128	0.499245981
1129	0.499264183
1130	0.499281744
1131	0.499298676
1132	0.499314987
1133	0.499330688
1134	0.49934579
1135	0.499360303
1136	0.499374236
1137	0.499387599
1138	0.499400403
1139	0.499412656
1140	0.499424368
1141	0.49943555
1142	0.49944621
1143	0.499456359
1144	0.499466005
1145	0.499475157
1146	0.499483824
1147	0.499492017
1148	0.499499743
1149	0.499507012
1150	0.499513833
1151	0.499520213
1152	0.499526162
1153	0.499531688
1154	0.499536801
1155	0.499541508
1156	0.499545817
1157	0.499549737
1158	0.499553275
1159	0.499556441
1160	0.499559242
1161	0.499561685
1162	0.499563779
1163	0.499565531
1164	0.499566949
1165	0.49956804
1166	0.499568811
1167	0.499569272
1168	0.499569427
1169	0.499569285
1170	0.499568852
1171	0.499568137
1172	0.499567144
1173	0.499565882
1174	0.499564358
1175	0.499562576
1176	0.499560545
1177	0.499558271
1178	0.49955576
1179	0.499553018
1180	0.499550053
1181	0.499546868
1182	0.499543472
1183	0.499539869
1184	0.499536067
1185	0.499532069
1186	0.499527883
1187	0.499523513
1188	0.499518966
1189	0.499514246
1190	0.49950936
1191	0.499504312
1192	0.499499107
1193	0.499493752
1194	0.49948825
1195	0.499482606
1196	0.499476827
1197	0.499470915
1198	0.499464877
1199	0.499458717
1200	0.499452438
1201	0.499446047
1202	0.499439547
1203	0.499432942
1204	0.499426237
1205	0.499419437
1206	0.499412544
1207	0.499405563
1208	0.499398498
1209	0.499391354
1210	0.499384133
1211	0.499376839
1212	0.499369477
1213	0.499362049
1214	0.499354559
1215	0.499347012
1216	0.499339409
1217	0.499331755
1218	0.499324052
1219	0.499316304
1220	0.499308515
1221	0.499300686
1222	0.499292821
1223	0.499284923
1224	0.499276995
1225	0.49926904
1226	0.499261059
1227	0.499253057
1228	0.499245036
1229	0.499236997
1230	0.499228944
1231	0.49922088
1232	0.499212806
1233	0.499204724
1234	0.499196638
1235	0.499188549
1236	0.499180459
1237	0.499172371
1238	0.499164287
1239	0.499156208
1240	0.499148137
1241	0.499140075
1242	0.499132025
1243	0.499123987
1244	0.499115965
1245	0.499107959
1246	0.499099971
1247	0.499092003
1248	0.499084056
1249	0.499076132
1250	0.499068233
1251	0.499060359
1252	0.499052513
1253	0.499044695
1254	0.499036907
1255	0.49902915
1256	0.499021426
1257	0.499013735
1258	0.499006078
1259	0.498998457
1260	0.498990874
1261	0.498983328
1262	0.49897582
1263	0.498968353
1264	0.498960926
1265	0.498953541
1266	0.498946199
1267	0.4989389
1268	0.498931645
1269	0.498924434
1270	0.49891727
1271	0.498910152
1272	0.49890308
1273	0.498896056
1274	0.498889081
1275	0.498882154
1276	0.498875277
1277	0.49886845
1278	0.498861673
1279	0.498854947
1280	0.498848272
1281	0.498841649
1282	0.498835078
1283	0.49882856
1284	0.498822095
1285	0.498815683
1286	0.498809324
1287	0.49880302
1288	0.498796769
1289	0.498790573
1290	0.498784432
1291	0.498778345
1292	0.498772314
1293	0.498766337
1294	0.498760416
1295	0.498754551
1296	0.498748741
1297	0.498742987
1298	0.498737288
1299	0.498731646
1300	0.498726059
1301	0.498720529
1302	0.498715054
1303	0.498709636
1304	0.498704273
1305	0.498698967
1306	0.498693716
1307	0.498688522
1308	0.498683383
1309	0.4986783
1310	0.498673273
1311	0.498668302
1312	0.498663386
1313	0.498658525
1314	0.49865372
1315	0.49864897
1316	0.498644276
1317	0.498639636
1318	0.49863505
1319	0.49863052
1320	0.498626044
1321	0.498621622
1322	0.498617254
1323	0.49861294
1324	0.498608679
1325	0.498604472
1326	0.498600318
1327	0.498596218
1328	0.498592169
1329	0.498588174
1330	0.49858423
1331	0.498580339
1332	0.498576499
1333	0.498572711
1334	0.498568974
1335	0.498565288
1336	0.498561653
1337	0.498558068
1338	0.498554533
1339	0.498551048
1340	0.498547613
1341	0.498544226
1342	0.498540889
1343	0.4985376
1344	0.49853436
1345	0.498531167
1346	0.498528023
1347	0.498524925
1348	0.498521875
1349	0.498518872
1350	0.498515915
1351	0.498513004
1352	0.498510138
1353	0.498507319
1354	0.498504544
1355	0.498501814
1356	0.498499129
1357	0.498496488
1358	0.498493891
1359	0.498491337
1360	0.498488826
1361	0.498486358
1362	0.498483933
1363	0.498481549
1364	0.498479208
1365	0.498476908
1366	0.498474649
1367	0.498472431
1368	0.498470253
1369	0.498468115
1370	0.498466018
1371	0.498463959
1372	0.49846194
1373	0.49845996
1374	0.498458018
1375	0.498456114
1376	0.498454248
1377	0.498452419
1378	0.498450628
1379	0.498448873
1380	0.498447155
1381	0.498445472
1382	0.498443826
1383	0.498442215
1384	0.498440639
1385	0.498439098
1386	0.498437592
1387	0.498436119
1388	0.498434681
1389	0.498433276
1390	0.498431904
1391	0.498430565
1392	0.498429259
1393	0.498427985
1394	0.498426743
1395	0.498425532
1396	0.498424353
1397	0.498423205
1398	0.498422088
1399	0.498421001
1400	0.498419944
1401	0.498418917
1402	0.498417919
1403	0.498416951
1404	0.498416011
1405	0.4984151
1406	0.498414218
1407	0.498413363
1408	0.498412536
1409	0.498411737
1410	0.498410965
1411	0.49841022
1412	0.498409501
1413	0.498408809
1414	0.498408142
1415	0.498407502
1416	0.498406887
1417	0.498406297
1418	0.498405732
1419	0.498405192
1420	0.498404676
1421	0.498404185
1422	0.498403717
1423	0.498403273
1424	0.498402853
1425	0.498402455
1426	0.498402081
1427	0.498401729
1428	0.498401399
1429	0.498401092
1430	0.498400807
1431	0.498400543
1432	0.4984003
1433	0.498400079
1434	0.498399879
1435	0.498399699
1436	0.49839954
1437	0.498399401
1438	0.498399282
1439	0.498399183
1440	0.498399103
1441	0.498399043
1442	0.498399002
1443	0.498398979
1444	0.498398976
1445	0.498398991
1446	0.498399024
1447	0.498399075
1448	0.498399144
1449	0.49839923
1450	0.498399334
1451	0.498399455
1452	0.498399594
1453	0.498399749
1454	0.49839992
1455	0.498400108
1456	0.498400312
1457	0.498400533
1458	0.498400769
1459	0.49840102
1460	0.498401287
1461	0.49840157
1462	0.498401867
1463	0.49840218
1464	0.498402507
1465	0.498402849
1466	0.498403205
1467	0.498403575
1468	0.498403959
1469	0.498404357
1470	0.498404769
1471	0.498405194
1472	0.498405633
1473	0.498406085
1474	0.49840655
1475	0.498407027
1476	0.498407518
1477	0.498408021
1478	0.498408536
1479	0.498409063
1480	0.498409603
1481	0.498410155
1482	0.498410718
1483	0.498411293
1484	0.498411879
1485	0.498412477
1486	0.498413086
1487	0.498413706
1488	0.498414337
1489	0.498414978
1490	0.49841563
1491	0.498416293
1492	0.498416966
1493	0.49841765
1494	0.498418343
1495	0.498419046
1496	0.498419759
1497	0.498420482
1498	0.498421215
1499	0.498421956
1500	0.498422707
1501	0.498423468
1502	0.498424237
1503	0.498425015
1504	0.498425803
1505	0.498426598
1506	0.498427403
1507	0.498428216
1508	0.498429037
1509	0.498429867
1510	0.498430704
1511	0.49843155
1512	0.498432403
1513	0.498433265
1514	0.498434134
1515	0.498435011
1516	0.498435895
1517	0.498436786
1518	0.498437685
1519	0.498438591
1520	0.498439504
1521	0.498440424
1522	0.498441351
1523	0.498442285
1524	0.498443225
1525	0.498444172
1526	0.498445125
1527	0.498446085
1528	0.498447051
1529	0.498448024
1530	0.498449002
1531	0.498449987
1532	0.498450977
1533	0.498451973
1534	0.498452975
1535	0.498453983
1536	0.498454996
1537	0.498456015
1538	0.498457039
1539	0.498458069
1540	0.498459104
1541	0.498460144
1542	0.498461189
1543	0.498462239
1544	0.498463294
1545	0.498464354
1546	0.498465419
1547	0.498466489
1548	0.498467563
1549	0.498468642
1550	0.498469725
1551	0.498470812
1552	0.498471904
1553	0.498473001
1554	0.498474101
1555	0.498475206
1556	0.498476315
1557	0.498477427
1558	0.498478544
1559	0.498479665
1560	0.498480789
1561	0.498481917
1562	0.498483049
1563	0.498484184
1564	0.498485323
1565	0.498486466
1566	0.498487612
1567	0.498488761
1568	0.498489913
1569	0.498491069
1570	0.498492228
1571	0.49849339
1572	0.498494556
1573	0.498495724
1574	0.498496895
1575	0.498498069
1576	0.498499246
1577	0.498500426
1578	0.498501608
1579	0.498502794
1580	0.498503981
1581	0.498505172
1582	0.498506365
1583	0.49850756
1584	0.498508758
1585	0.498509958
1586	0.498511161
1587	0.498512366
1588	0.498513573
1589	0.498514782
1590	0.498515994
1591	0.498517207
1592	0.498518423
1593	0.49851964
1594	0.49852086
1595	0.498522082
1596	0.498523305
1597	0.49852453
1598	0.498525757
1599	0.498526986
1600	0.498528216
1601	0.498529448
1602	0.498530682
1603	0.498531917
1604	0.498533154
1605	0.498534392
1606	0.498535632
1607	0.498536873
1608	0.498538115
1609	0.498539359
1610	0.498540604
1611	0.498541851
1612	0.498543098
1613	0.498544347
1614	0.498545597
1615	0.498546848
1616	0.498548101
1617	0.498549354
1618	0.498550608
1619	0.498551863
1620	0.498553119
1621	0.498554376
1622	0.498555634
1623	0.498556893
1624	0.498558153
1625	0.498559413
1626	0.498560674
1627	0.498561936
1628	0.498563198
1629	0.498564462
1630	0.498565725
1631	0.49856699
1632	0.498568255
1633	0.49856952
1634	0.498570786
1635	0.498572052
1636	0.498573319
1637	0.498574587
1638	0.498575854
1639	0.498577122
1640	0.498578391
1641	0.49857966
1642	0.498580929
1643	0.498582198
1644	0.498583467
1645	0.498584737
1646	0.498586007
1647	0.498587277
1648	0.498588547
1649	0.498589817
1650	0.498591088
1651	0.498592358
1652	0.498593628
1653	0.498594899
1654	0.498596169
1655	0.49859744
1656	0.49859871
1657	0.49859998
1658	0.49860125
1659	0.49860252
1660	0.49860379
1661	0.49860506
1662	0.498606329
1663	0.498607598
1664	0.498608868
1665	0.498610136
1666	0.498611405
1667	0.498612673
1668	0.498613941
1669	0.498615208
1670	0.498616476
1671	0.498617743
1672	0.498619009
1673	0.498620275
1674	0.498621541
1675	0.498622806
1676	0.49862407
1677	0.498625335
1678	0.498626598
1679	0.498627862
1680	0.498629124
1681	0.498630386
1682	0.498631648
1683	0.498632909
1684	0.498634169
1685	0.498635429
1686	0.498636688
1687	0.498637946
1688	0.498639204
1689	0.498640461
1690	0.498641717
1691	0.498642973
1692	0.498644228
1693	0.498645482
1694	0.498646736
1695	0.498647988
1696	0.49864924
1697	0.498650491
1698	0.498651741
1699	0.498652991
1700	0.498654239
1701	0.498655487
1702	0.498656734
1703	0.49865798
1704	0.498659225
1705	0.498660469
1706	0.498661712
1707	0.498662955
1708	0.498664196
1709	0.498665436
1710	0.498666676
1711	0.498667914
1712	0.498669152
1713	0.498670388
1714	0.498671623
1715	0.498672858
1716	0.498674091
1717	0.498675323
1718	0.498676555
1719	0.498677785
1720	0.498679014
1721	0.498680242
1722	0.498681469
1723	0.498682694
1724	0.498683919
1725	0.498685142
1726	0.498686365
1727	0.498687586
1728	0.498688806
1729	0.498690025
1730	0.498691242
1731	0.498692459
1732	0.498693674
1733	0.498694888
1734	0.498696101
1735	0.498697312
1736	0.498698523
1737	0.498699732
1738	0.498700939
1739	0.498702146
1740	0.498703351
1741	0.498704555
1742	0.498705758
1743	0.498706959
1744	0.498708159
1745	0.498709358
1746	0.498710556
1747	0.498711752
1748	0.498712946
1749	0.49871414
1750	0.498715332
1751	0.498716523
1752	0.498717712
1753	0.4987189
1754	0.498720087
1755	0.498721272
1756	0.498722456
1757	0.498723638
1758	0.498724819
1759	0.498725999
1760	0.498727177
1761	0.498728353
1762	0.498729529
1763	0.498730703
1764	0.498731875
1765	0.498733046
1766	0.498734215
1767	0.498735384
1768	0.49873655
1769	0.498737715
1770	0.498738879
1771	0.498740041
1772	0.498741202
1773	0.498742361
1774	0.498743518
1775	0.498744675
1776	0.498745829
1777	0.498746982
1778	0.498748134
1779	0.498749284
1780	0.498750433
1781	0.49875158
1782	0.498752725
1783	0.498753869
1784	0.498755012
1785	0.498756152
1786	0.498757292
1787	0.498758429
1788	0.498759566
1789	0.4987607
1790	0.498761833
1791	0.498762965
1792	0.498764095
1793	0.498765223
1794	0.498766349
1795	0.498767475
1796	0.498768598
1797	0.49876972
1798	0.49877084
1799	0.498771959
1800	0.498773076
1801	0.498774192
1802	0.498775305
1803	0.498776418
1804	0.498777528
1805	0.498778637
1806	0.498779745
1807	0.49878085
1808	0.498781955
1809	0.498783057
1810	0.498784158
1811	0.498785257
1812	0.498786355
1813	0.498787451
1814	0.498788545
1815	0.498789637
1816	0.498790728
1817	0.498791818
1818	0.498792905
1819	0.498793991
1820	0.498795076
1821	0.498796158
1822	0.498797239
1823	0.498798319
1824	0.498799396
1825	0.498800472
1826	0.498801546
1827	0.498802619
1828	0.49880369
1829	0.498804759
1830	0.498805827
1831	0.498806893
1832	0.498807957
1833	0.498809019
1834	0.49881008
1835	0.498811139
1836	0.498812197
1837	0.498813252
1838	0.498814306
1839	0.498815359
1840	0.498816409
1841	0.498817458
1842	0.498818506
1843	0.498819551
1844	0.498820595
1845	0.498821637
1846	0.498822678
1847	0.498823716
1848	0.498824753
1849	0.498825789
1850	0.498826822
1851	0.498827854
1852	0.498828884
1853	0.498829913
1854	0.498830939
1855	0.498831965
1856	0.498832988
1857	0.498834009
1858	0.498835029
1859	0.498836048
1860	0.498837064
1861	0.498838079
1862	0.498839092
1863	0.498840103
1864	0.498841113
1865	0.498842121
1866	0.498843127
1867	0.498844131
1868	0.498845134
1869	0.498846135
1870	0.498847134
1871	0.498848132
1872	0.498849128
1873	0.498850122
1874	0.498851114
1875	0.498852105
1876	0.498853094
1877	0.498854081
1878	0.498855066
1879	0.49885605
1880	0.498857032
1881	0.498858013
1882	0.498858991
1883	0.498859968
1884	0.498860943
1885	0.498861917
1886	0.498862889
1887	0.498863859
1888	0.498864827
1889	0.498865794
1890	0.498866758
1891	0.498867722
1892	0.498868683
1893	0.498869643
1894	0.498870601
1895	0.498871557
1896	0.498872512
1897	0.498873464
1898	0.498874416
1899	0.498875365
1900	0.498876313
1901	0.498877259
1902	0.498878203
1903	0.498879146
1904	0.498880086
1905	0.498881026
1906	0.498881963
1907	0.498882899
1908	0.498883833
1909	0.498884765
1910	0.498885696
1911	0.498886625
1912	0.498887552
1913	0.498888477
1914	0.498889401
1915	0.498890323
1916	0.498891243
1917	0.498892162
1918	0.498893079
1919	0.498893994
1920	0.498894908
1921	0.49889582
1922	0.49889673
1923	0.498897638
1924	0.498898545
1925	0.49889945
1926	0.498900354
1927	0.498901256
1928	0.498902156
1929	0.498903054
1930	0.498903951
1931	0.498904846
1932	0.498905739
1933	0.49890663
1934	0.49890752
1935	0.498908409
1936	0.498909295
1937	0.49891018
1938	0.498911063
1939	0.498911945
1940	0.498912825
1941	0.498913703
1942	0.498914579
1943	0.498915454
1944	0.498916327
1945	0.498917199
1946	0.498918069
1947	0.498918937
1948	0.498919803
1949	0.498920668
1950	0.498921531
1951	0.498922393
1952	0.498923253
1953	0.498924111
1954	0.498924967
1955	0.498925822
1956	0.498926675
1957	0.498927527
1958	0.498928377
1959	0.498929225
1960	0.498930072
1961	0.498930917
1962	0.49893176
1963	0.498932602
1964	0.498933442
1965	0.49893428
1966	0.498935117
1967	0.498935952
1968	0.498936786
1969	0.498937618
1970	0.498938448
1971	0.498939277
1972	0.498940104
1973	0.498940929
1974	0.498941753
1975	0.498942575
1976	0.498943396
1977	0.498944215
1978	0.498945032
1979	0.498945848
1980	0.498946662
1981	0.498947474
1982	0.498948285
1983	0.498949094
1984	0.498949902
1985	0.498950708
1986	0.498951512
1987	0.498952315
1988	0.498953116
1989	0.498953916
1990	0.498954714
1991	0.498955511
1992	0.498956305
1993	0.498957099
1994	0.49895789
1995	0.498958681
1996	0.498959469
1997	0.498960256
1998	0.498961041
1999	0.498961825
2000	0.498962607
2001	0.498963388
2002	0.498964167
2003	0.498964945
2004	0.498965721
2005	0.498966495
2006	0.498967268
2007	0.498968039
2008	0.498968809
2009	0.498969577
2010	0.498970343
2011	0.498971108
2012	0.498971872
2013	0.498972634
2014	0.498973394
2015	0.498974153
2016	0.49897491
2017	0.498975666
2018	0.49897642
2019	0.498977173
2020	0.498977924
2021	0.498978674
2022	0.498979422
2023	0.498980168
2024	0.498980913
2025	0.498981657
2026	0.498982399
2027	0.498983139
2028	0.498983878
2029	0.498984616
2030	0.498985352
2031	0.498986086
2032	0.498986819
2033	0.49898755
2034	0.49898828
2035	0.498989009
2036	0.498989736
2037	0.498990461
2038	0.498991185
2039	0.498991907
2040	0.498992628
2041	0.498993348
2042	0.498994066
2043	0.498994782
2044	0.498995497
2045	0.49899621
2046	0.498996922
2047	0.498997633
2048	0.498998342
2049	0.49899905
2050	0.498999756
2051	0.49900046
2052	0.499001164
2053	0.499001865
2054	0.499002566
2055	0.499003264
2056	0.499003962
2057	0.499004658
2058	0.499005352
2059	0.499006045
2060	0.499006736
2061	0.499007427
2062	0.499008115
2063	0.499008802
2064	0.499009488
2065	0.499010172
2066	0.499010855
2067	0.499011537
2068	0.499012217
2069	0.499012895
2070	0.499013573
2071	0.499014248
2072	0.499014923
2073	0.499015596
2074	0.499016267
2075	0.499016937
2076	0.499017606
2077	0.499018273
2078	0.499018939
2079	0.499019603
2080	0.499020267
2081	0.499020928
2082	0.499021588
2083	0.499022247
2084	0.499022905
2085	0.499023561
2086	0.499024215
2087	0.499024869
2088	0.499025521
2089	0.499026171
2090	0.49902682
2091	0.499027468
2092	0.499028114
2093	0.49902876
2094	0.499029403
2095	0.499030045
2096	0.499030686
2097	0.499031326
2098	0.499031964
2099	0.499032601
2100	0.499033236
2101	0.49903387
2102	0.499034503
2103	0.499035135
2104	0.499035765
2105	0.499036393
2106	0.499037021
2107	0.499037647
2108	0.499038272
2109	0.499038895
2110	0.499039517
2111	0.499040138
2112	0.499040757
2113	0.499041375
2114	0.499041992
2115	0.499042607
2116	0.499043221
2117	0.499043834
2118	0.499044445
2119	0.499045055
2120	0.499045664
2121	0.499046272
2122	0.499046878
2123	0.499047483
2124	0.499048086
2125	0.499048689
2126	0.49904929
2127	0.499049889
2128	0.499050488
2129	0.499051085
2130	0.499051681
2131	0.499052275
2132	0.499052868
2133	0.49905346
2134	0.499054051
2135	0.49905464
2136	0.499055229
2137	0.499055815
2138	0.499056401
2139	0.499056985
2140	0.499057568
2141	0.49905815
2142	0.499058731
2143	0.49905931
2144	0.499059888
2145	0.499060465
2146	0.49906104
2147	0.499061614
2148	0.499062187
2149	0.499062759
2150	0.49906333
2151	0.499063899
2152	0.499064467
2153	0.499065034
2154	0.499065599
2155	0.499066164
2156	0.499066727
2157	0.499067289
2158	0.499067849
2159	0.499068409
2160	0.499068967
2161	0.499069524
2162	0.49907008
2163	0.499070634
2164	0.499071188
2165	0.49907174
2166	0.499072291
2167	0.49907284
2168	0.499073389
2169	0.499073936
2170	0.499074482
2171	0.499075027
2172	0.499075571
2173	0.499076114
2174	0.499076655
2175	0.499077195
2176	0.499077734
2177	0.499078272
2178	0.499078808
2179	0.499079344
2180	0.499079878
2181	0.499080411
2182	0.499080943
2183	0.499081474
