#1	
float Flowrates(1316,2)
0	1E-10
163800.00	96
172800.00	96
181800.00	96
190800.00	96
199800.00	96
208800.00	96
217800.00	96
226800.00	96
235800.00	96
244800.00	96
253800.00	96
262800.00	96
271800.00	96
280800.00	96
289800.00	96
298800.00	192
307800.00	96
316800.00	96
325800.00	96
334800.00	96
343800.00	96
352800.00	96
361800.00	96
370800.00	96
379800.00	96
388800.00	96
397800.00	96
406800.00	96
415800.00	96
424800.00	1E-10
433800.00	1E-10
442800.00	1E-10
451800.00	1E-10
460800.00	1E-10
469800.00	1E-10
478800.00	1E-10
487800.00	1E-10
496800.00	1E-10
505800.00	1E-10
514800.00	1E-10
523800.00	1E-10
532800.00	1E-10
541800.00	1E-10
550800.00	1E-10
559800.00	1E-10
568800.00	1E-10
577800.00	1E-10
586800.00	1E-10
595800.00	1E-10
604800.00	1E-10
613800.00	1E-10
622800.00	1E-10
631800.00	1E-10
640800.00	1E-10
649800.00	1E-10
658800.00	1E-10
667800.00	1E-10
676800.00	1E-10
685800.00	1E-10
694800.00	1E-10
703800.00	1E-10
712800.00	1E-10
721800.00	1E-10
730800.00	1E-10
739800.00	1E-10
748800.00	1E-10
757800.00	1E-10
766800.00	1E-10
775800.00	576
784800.00	1E-10
793800.00	96
802800.00	96
811800.00	96
820800.00	96
829800.00	96
838800.00	96
847800.00	96
856800.00	96
865800.00	96
874800.00	96
883800.00	96
892800.00	96
901800.00	96
910800.00	96
919800.00	96
928800.00	96
937800.00	96
946800.00	1E-10
955800.00	96
964800.00	96
973800.00	96
982800.00	96
991800.00	96
1000800.00	96
1009800.00	96
1018800.00	96
1027800.00	864
1036800.00	96
1045800.00	96
1054800.00	96
1063800.00	96
1072800.00	96
1081800.00	96
1090800.00	96
1099800.00	96
1108800.00	96
1117800.00	96
1126800.00	96
1135800.00	1E-10
1144800.00	96
1153800.00	96
1162800.00	96
1171800.00	96
1180800.00	96
1189800.00	96
1198800.00	96
1207800.00	96
1216800.00	96
1225800.00	96
1234800.00	96
1243800.00	96
1252800.00	96
1261800.00	96
1270800.00	96
1279800.00	96
1288800.00	96
1297800.00	96
1306800.00	96
1315800.00	96
1324800.00	96
1333800.00	96
1342800.00	96
1351800.00	96
1360800.00	96
1369800.00	288
1378800.00	96
1387800.00	96
1396800.00	96
1405800.00	96
1414800.00	96
1423800.00	96
1432800.00	96
1441800.00	96
1450800.00	96
1459800.00	96
1468800.00	96
1477800.00	96
1486800.00	96
1495800.00	96
1504800.00	96
1513800.00	96
1522800.00	96
1531800.00	96
1540800.00	96
1549800.00	96
1558800.00	96
1567800.00	96
1576800.00	96
1585800.00	96
1594800.00	96
1603800.00	96
1612800.00	96
1621800.00	96
1630800.00	96
1639800.00	96
1648800.00	96
1657800.00	96
1666800.00	96
1675800.00	96
1684800.00	96
1693800.00	96
1702800.00	96
1711800.00	96
1720800.00	96
1729800.00	96
1738800.00	96
1747800.00	96
1756800.00	96
1765800.00	96
1774800.00	96
1783800.00	96
1792800.00	96
1801800.00	96
1810800.00	96
1819800.00	96
1828800.00	96
1837800.00	96
1846800.00	96
1855800.00	96
1864800.00	96
1873800.00	96
1882800.00	96
1891800.00	96
1900800.00	96
1909800.00	96
1918800.00	96
1927800.00	96
1936800.00	96
1945800.00	96
1954800.00	96
1963800.00	96
1972800.00	96
1981800.00	96
1990800.00	96
1999800.00	96
2008800.00	96
2017800.00	96
2026800.00	96
2035800.00	96
2044800.00	96
2053800.00	96
2062800.00	96
2071800.00	96
2080800.00	96
2089800.00	96
2098800.00	96
2107800.00	96
2116800.00	96
2125800.00	96
2134800.00	96
2143800.00	96
2152800.00	96
2161800.00	96
2170800.00	96
2179800.00	96
2188800.00	96
2197800.00	96
2206800.00	96
2215800.00	96
2224800.00	96
2233800.00	96
2242800.00	96
2251800.00	96
2260800.00	96
2269800.00	96
2278800.00	96
2287800.00	96
2296800.00	96
2305800.00	96
2314800.00	96
2323800.00	96
2332800.00	96
2341800.00	96
2350800.00	96
2359800.00	96
2368800.00	96
2377800.00	96
2386800.00	96
2395800.00	96
2404800.00	192
2413800.00	96
2422800.00	96
2431800.00	96
2440800.00	96
2449800.00	96
2458800.00	96
2467800.00	96
2476800.00	96
2485800.00	96
2494800.00	96
2503800.00	96
2512800.00	96
2521800.00	96
2530800.00	96
2539800.00	192
2548800.00	96
2557800.00	96
2566800.00	96
2575800.00	96
2584800.00	96
2593800.00	96
2602800.00	96
2611800.00	96
2620800.00	96
2629800.00	96
2638800.00	96
2647800.00	96
2656800.00	96
2665800.00	96
2674800.00	96
2683800.00	96
2692800.00	96
2701800.00	96
2710800.00	96
2719800.00	96
2728800.00	96
2737800.00	96
2746800.00	96
2755800.00	96
2764800.00	96
2773800.00	1E-10
2782800.00	96
2791800.00	96
2800800.00	96
2809800.00	96
2818800.00	96
2827800.00	96
2836800.00	192
2845800.00	96
2854800.00	96
2863800.00	1E-10
2872800.00	96
2881800.00	96
2890800.00	96
2899800.00	96
2908800.00	96
2917800.00	96
2926800.00	96
2935800.00	96
2944800.00	96
2953800.00	96
2962800.00	96
2971800.00	96
2980800.00	96
2989800.00	96
2998800.00	96
3007800.00	96
3016800.00	96
3025800.00	96
3034800.00	96
3043800.00	96
3052800.00	96
3061800.00	96
3070800.00	96
3079800.00	96
3088800.00	96
3097800.00	96
3106800.00	96
3115800.00	96
3124800.00	96
3133800.00	96
3142800.00	96
3151800.00	96
3160800.00	96
3169800.00	96
3178800.00	96
3187800.00	96
3196800.00	96
3205800.00	96
3214800.00	96
3223800.00	96
3232800.00	96
3241800.00	96
3250800.00	96
3259800.00	96
3268800.00	96
3277800.00	96
3286800.00	96
3295800.00	96
3304800.00	96
3313800.00	96
3322800.00	96
3331800.00	96
3340800.00	96
3349800.00	96
3358800.00	96
3367800.00	96
3376800.00	96
3385800.00	96
3394800.00	96
3403800.00	96
3412800.00	96
3421800.00	96
3430800.00	96
3439800.00	192
3448800.00	576
3457800.00	96
3466800.00	96
3475800.00	96
3484800.00	96
3493800.00	96
3502800.00	96
3511800.00	96
3520800.00	96
3529800.00	96
3538800.00	96
3547800.00	96
3556800.00	96
3565800.00	96
3574800.00	96
3583800.00	96
3592800.00	96
3601800.00	96
3610800.00	96
3619800.00	192
3628800.00	96
3637800.00	192
3646800.00	96
3655800.00	96
3664800.00	96
3673800.00	96
3682800.00	96
3691800.00	96
3700800.00	96
3709800.00	96
3718800.00	96
3727800.00	96
3736800.00	96
3745800.00	96
3754800.00	96
3763800.00	96
3772800.00	96
3781800.00	96
3790800.00	96
3799800.00	96
3808800.00	96
3817800.00	96
3826800.00	96
3835800.00	96
3844800.00	96
3853800.00	96
3862800.00	96
3871800.00	192
3880800.00	96
3889800.00	96
3898800.00	96
3907800.00	96
3916800.00	96
3925800.00	96
3934800.00	96
3943800.00	96
3952800.00	96
3961800.00	96
3970800.00	96
3979800.00	96
3988800.00	96
3997800.00	96
4006800.00	96
4015800.00	96
4024800.00	96
4033800.00	96
4042800.00	96
4051800.00	192
4060800.00	96
4069800.00	96
4078800.00	96
4087800.00	96
4096800.00	96
4105800.00	96
4114800.00	1E-10
4123800.00	96
4132800.00	192
4141800.00	96
4150800.00	96
4159800.00	96
4168800.00	96
4177800.00	96
4186800.00	96
4195800.00	96
4204800.00	96
4213800.00	96
4222800.00	96
4231800.00	96
4240800.00	96
4249800.00	96
4258800.00	96
4267800.00	96
4276800.00	96
4285800.00	96
4294800.00	96
4303800.00	96
4312800.00	96
4321800.00	96
4330800.00	1E-10
4339800.00	96
4348800.00	96
4357800.00	96
4366800.00	96
4375800.00	96
4384800.00	96
4393800.00	96
4402800.00	96
4411800.00	96
4420800.00	96
4429800.00	96
4438800.00	96
4447800.00	96
4456800.00	96
4465800.00	96
4474800.00	96
4483800.00	96
4492800.00	96
4501800.00	96
4510800.00	96
4519800.00	96
4528800.00	96
4537800.00	96
4546800.00	96
4555800.00	96
4564800.00	96
4573800.00	96
4582800.00	96
4591800.00	96
4600800.00	96
4609800.00	96
4618800.00	96
4627800.00	96
4636800.00	96
4645800.00	96
4654800.00	96
4663800.00	96
4672800.00	96
4681800.00	96
4690800.00	96
4699800.00	96
4708800.00	96
4717800.00	96
4726800.00	96
4735800.00	96
4744800.00	96
4753800.00	96
4762800.00	96
4771800.00	96
4780800.00	96
4789800.00	96
4798800.00	96
4807800.00	96
4816800.00	96
4825800.00	96
4834800.00	96
4843800.00	288
4852800.00	96
4861800.00	96
4870800.00	96
4879800.00	96
4888800.00	96
4897800.00	96
4906800.00	96
4915800.00	96
4924800.00	96
4933800.00	96
4942800.00	96
4951800.00	96
4960800.00	96
4969800.00	96
4978800.00	96
4987800.00	96
4996800.00	1E-10
5005800.00	1E-10
5014800.00	192
5023800.00	288
5032800.00	1E-10
5041800.00	1E-10
5050800.00	1E-10
5059800.00	1E-10
5068800.00	1E-10
5077800.00	1E-10
5086800.00	1E-10
5095800.00	1E-10
5104800.00	1E-10
5113800.00	1E-10
5122800.00	1E-10
5131800.00	1E-10
5140800.00	1E-10
5149800.00	1E-10
5158800.00	1E-10
5167800.00	1E-10
5176800.00	1E-10
5185800.00	1E-10
5194800.00	1E-10
5203800.00	1E-10
5212800.00	1E-10
5221800.00	1E-10
5230800.00	1E-10
5239800.00	1E-10
5248800.00	1E-10
5257800.00	1E-10
5266800.00	1E-10
5275800.00	1E-10
5284800.00	1E-10
5293800.00	1E-10
5302800.00	1E-10
5311800.00	1E-10
5320800.00	1E-10
5329800.00	1E-10
5338800.00	1E-10
5347800.00	1E-10
5356800.00	1E-10
5365800.00	1E-10
5374800.00	1E-10
5383800.00	1E-10
5392800.00	1E-10
5401800.00	1E-10
5410800.00	1E-10
5419800.00	1E-10
5428800.00	1E-10
5437800.00	1E-10
5446800.00	1E-10
5455800.00	1E-10
5464800.00	1E-10
5473800.00	1E-10
5482800.00	1E-10
5491800.00	1E-10
5500800.00	1E-10
5509800.00	1E-10
5518800.00	1E-10
5527800.00	1E-10
5536800.00	1E-10
5545800.00	1E-10
5554800.00	1E-10
5563800.00	1E-10
5572800.00	1E-10
5581800.00	1E-10
5590800.00	1E-10
5599800.00	1E-10
5608800.00	1E-10
5617800.00	1E-10
5626800.00	1E-10
5635800.00	1E-10
5644800.00	1E-10
5653800.00	1E-10
5662800.00	1E-10
5671800.00	1E-10
5680800.00	1E-10
5689800.00	1E-10
5698800.00	1E-10
5707800.00	1E-10
5716800.00	1E-10
5725800.00	1E-10
5734800.00	1E-10
5743800.00	1E-10
5752800.00	1E-10
5761800.00	1E-10
5770800.00	1E-10
5779800.00	1E-10
5788800.00	1E-10
5797800.00	1E-10
5806800.00	1E-10
5815800.00	1E-10
5824800.00	1E-10
5833800.00	1E-10
5842800.00	1E-10
5851800.00	1E-10
5860800.00	1E-10
5869800.00	1E-10
5878800.00	1E-10
5887800.00	1E-10
5896800.00	1E-10
5905800.00	1E-10
5914800.00	1E-10
5923800.00	1E-10
5932800.00	1E-10
5941800.00	1E-10
5950800.00	1E-10
5959800.00	1E-10
5968800.00	1E-10
5977800.00	1E-10
5986800.00	1E-10
5995800.00	1E-10
6004800.00	1E-10
6013800.00	1E-10
6022800.00	1E-10
6031800.00	1E-10
6040800.00	1E-10
6049800.00	1E-10
6058800.00	1E-10
6067800.00	1E-10
6076800.00	1E-10
6085800.00	1E-10
6094800.00	1E-10
6103800.00	1E-10
6112800.00	1E-10
6121800.00	1E-10
6130800.00	1E-10
6139800.00	1E-10
6148800.00	1E-10
6157800.00	1E-10
6166800.00	1E-10
6175800.00	1E-10
6184800.00	1E-10
6193800.00	1E-10
6202800.00	1E-10
6211800.00	1E-10
6220800.00	1E-10
6229800.00	1E-10
6238800.00	1E-10
6247800.00	1E-10
6256800.00	1E-10
6265800.00	1E-10
6274800.00	1E-10
6283800.00	1E-10
6292800.00	1E-10
6301800.00	1E-10
6310800.00	1E-10
6319800.00	1E-10
6328800.00	1E-10
6337800.00	1E-10
6346800.00	1E-10
6355800.00	1E-10
6364800.00	1E-10
6373800.00	1E-10
6382800.00	1E-10
6391800.00	1E-10
6400800.00	1E-10
6409800.00	1E-10
6418800.00	1E-10
6427800.00	1E-10
6436800.00	1E-10
6445800.00	1E-10
6454800.00	1E-10
6463800.00	1E-10
6472800.00	192
6481800.00	96
6490800.00	96
6499800.00	96
6508800.00	96
6517800.00	96
6526800.00	96
6535800.00	96
6544800.00	96
6553800.00	96
6562800.00	96
6571800.00	96
6580800.00	96
6589800.00	96
6598800.00	96
6607800.00	96
6616800.00	96
6625800.00	96
6634800.00	96
6643800.00	96
6652800.00	96
6661800.00	96
6670800.00	96
6679800.00	96
6688800.00	1E-10
6697800.00	96
6706800.00	96
6715800.00	96
6724800.00	96
6733800.00	96
6742800.00	96
6751800.00	96
6760800.00	96
6769800.00	96
6778800.00	96
6787800.00	96
6796800.00	96
6805800.00	96
6814800.00	96
6823800.00	96
6832800.00	96
6841800.00	96
6850800.00	96
6859800.00	96
6868800.00	96
6877800.00	96
6886800.00	96
6895800.00	96
6904800.00	96
6913800.00	96
6922800.00	96
6931800.00	96
6940800.00	96
6949800.00	96
6958800.00	96
6967800.00	96
6976800.00	96
6985800.00	96
6994800.00	96
7003800.00	96
7012800.00	96
7021800.00	96
7030800.00	96
7039800.00	96
7048800.00	96
7057800.00	96
7066800.00	96
7075800.00	1E-10
7084800.00	1E-10
7093800.00	1E-10
7102800.00	1E-10
7111800.00	1E-10
7120800.00	1E-10
7129800.00	1E-10
7138800.00	1E-10
7147800.00	1E-10
7156800.00	1E-10
7165800.00	1E-10
7174800.00	1E-10
7183800.00	1E-10
7192800.00	1E-10
7201800.00	1E-10
7210800.00	1E-10
7219800.00	1E-10
7228800.00	1E-10
7237800.00	1E-10
7246800.00	1E-10
7255800.00	1E-10
7264800.00	1E-10
7273800.00	1E-10
7282800.00	1E-10
7291800.00	1E-10
7300800.00	1E-10
7309800.00	1E-10
7318800.00	1E-10
7327800.00	1E-10
7336800.00	1E-10
7345800.00	1E-10
7354800.00	1E-10
7363800.00	1E-10
7372800.00	1E-10
7381800.00	1E-10
7390800.00	1E-10
7399800.00	1E-10
7408800.00	1E-10
7417800.00	1E-10
7426800.00	384
7435800.00	96
7444800.00	96
7453800.00	96
7462800.00	96
7471800.00	96
7480800.00	96
7489800.00	96
7498800.00	96
7507800.00	96
7516800.00	96
7525800.00	96
7534800.00	96
7543800.00	96
7552800.00	96
7561800.00	96
7570800.00	96
7579800.00	96
7588800.00	96
7597800.00	96
7606800.00	96
7615800.00	96
7624800.00	96
7633800.00	96
7642800.00	1E-10
7651800.00	96
7660800.00	96
7669800.00	96
7678800.00	96
7687800.00	96
7696800.00	96
7705800.00	96
7714800.00	1E-10
7723800.00	96
7732800.00	96
7741800.00	96
7750800.00	96
7759800.00	96
7768800.00	96
7777800.00	96
7786800.00	96
7795800.00	96
7804800.00	96
7813800.00	96
7822800.00	96
7831800.00	96
7840800.00	96
7849800.00	96
7858800.00	192
7867800.00	96
7876800.00	96
7885800.00	96
7894800.00	96
7903800.00	96
7912800.00	96
7921800.00	96
7930800.00	96
7939800.00	96
7948800.00	96
7957800.00	1E-10
7966800.00	96
7975800.00	96
7984800.00	96
7993800.00	96
8002800.00	96
8011800.00	96
8020800.00	96
8029800.00	96
8038800.00	96
8047800.00	96
8056800.00	96
8065800.00	96
8074800.00	96
8083800.00	96
8092800.00	96
8101800.00	96
8110800.00	96
8119800.00	96
8128800.00	96
8137800.00	96
8146800.00	96
8155800.00	96
8164800.00	96
8173800.00	96
8182800.00	96
8191800.00	96
8200800.00	96
8209800.00	96
8218800.00	96
8227800.00	96
8236800.00	96
8245800.00	96
8254800.00	96
8263800.00	96
8272800.00	96
8281800.00	192
8290800.00	96
8299800.00	96
8308800.00	96
8317800.00	96
8326800.00	96
8335800.00	96
8344800.00	96
8353800.00	96
8362800.00	96
8371800.00	96
8380800.00	96
8389800.00	96
8398800.00	96
8407800.00	96
8416800.00	96
8425800.00	96
8434800.00	96
8443800.00	96
8452800.00	96
8461800.00	96
8470800.00	96
8479800.00	96
8488800.00	96
8497800.00	96
8506800.00	96
8515800.00	1E-10
8524800.00	96
8533800.00	96
8542800.00	96
8551800.00	96
8560800.00	96
8569800.00	96
8578800.00	96
8587800.00	96
8596800.00	96
8605800.00	96
8614800.00	96
8623800.00	96
8632800.00	96
8641800.00	96
8650800.00	96
8659800.00	96
8668800.00	96
8677800.00	96
8686800.00	96
8695800.00	96
8704800.00	96
8713800.00	96
8722800.00	96
8731800.00	96
8740800.00	96
8749800.00	96
8758800.00	96
8767800.00	96
8776800.00	96
8785800.00	96
8794800.00	96
8803800.00	96
8812800.00	96
8821800.00	96
8830800.00	96
8839800.00	96
8848800.00	96
8857800.00	96
8866800.00	96
8875800.00	96
8884800.00	96
8893800.00	96
8902800.00	96
8911800.00	96
8920800.00	96
8929800.00	96
8938800.00	96
8947800.00	96
8956800.00	96
8965800.00	96
8974800.00	96
8983800.00	96
8992800.00	96
9001800.00	96
9010800.00	1E-10
9019800.00	96
9028800.00	96
9037800.00	96
9046800.00	96
9055800.00	96
9064800.00	96
9073800.00	96
9082800.00	96
9091800.00	96
9100800.00	96
9109800.00	96
9118800.00	96
9127800.00	96
9136800.00	1E-10
9145800.00	96
9154800.00	96
9163800.00	96
9172800.00	96
9181800.00	96
9190800.00	96
9199800.00	96
9208800.00	96
9217800.00	96
9226800.00	96
9235800.00	96
9244800.00	96
9253800.00	96
9262800.00	96
9271800.00	96
9280800.00	96
9289800.00	96
9298800.00	96
9307800.00	96
9316800.00	96
9325800.00	96
9334800.00	96
9343800.00	96
9352800.00	96
9361800.00	96
9370800.00	96
9379800.00	96
9388800.00	96
9397800.00	96
9406800.00	96
9415800.00	96
9424800.00	96
9433800.00	96
9442800.00	1E-10
9451800.00	96
9460800.00	96
9469800.00	96
9478800.00	96
9487800.00	96
9496800.00	96
9505800.00	96
9514800.00	96
9523800.00	96
9532800.00	96
9541800.00	96
9550800.00	96
9559800.00	96
9568800.00	96
9577800.00	96
9586800.00	96
9595800.00	96
9604800.00	96
9613800.00	96
9622800.00	96
9631800.00	96
9640800.00	96
9649800.00	96
9658800.00	96
9667800.00	96
9676800.00	96
9685800.00	96
9694800.00	96
9703800.00	96
9712800.00	96
9721800.00	96
9730800.00	96
9739800.00	96
9748800.00	96
9757800.00	96
9766800.00	96
9775800.00	96
9784800.00	1E-10
9793800.00	96
9802800.00	96
9811800.00	96
9820800.00	96
9829800.00	96
9838800.00	96
9847800.00	96
9856800.00	96
9865800.00	96
9874800.00	96
9883800.00	96
9892800.00	96
9901800.00	96
9910800.00	96
9919800.00	96
9928800.00	96
9937800.00	96
9946800.00	1E-10
9955800.00	96
9964800.00	96
9973800.00	96
9982800.00	96
9991800.00	96
10000800.00	96
10009800.00	1E-10
10018800.00	96
10027800.00	96
10036800.00	96
10045800.00	96
10054800.00	96
10063800.00	96
10072800.00	1E-10
10081800.00	96
10090800.00	96
10099800.00	96
10108800.00	96
10117800.00	96
10126800.00	96
10135800.00	96
10144800.00	96
10153800.00	96
10162800.00	96
10171800.00	96
10180800.00	96
10189800.00	96
10198800.00	96
10207800.00	96
10216800.00	96
10225800.00	96
10234800.00	96
10243800.00	96
10252800.00	96
10261800.00	96
10270800.00	96
10279800.00	96
10288800.00	96
10297800.00	96
10306800.00	96
10315800.00	96
10324800.00	96
10333800.00	96
10342800.00	96
10351800.00	96
10360800.00	96
10369800.00	96
10378800.00	96
10387800.00	96
10396800.00	96
10405800.00	96
10414800.00	96
10423800.00	96
10432800.00	96
10441800.00	96
10450800.00	96
10459800.00	96
10468800.00	96
10477800.00	96
10486800.00	96
10495800.00	96
10504800.00	96
10513800.00	96
10522800.00	96
10531800.00	96
10540800.00	96
10549800.00	96
10558800.00	96
10567800.00	96
10576800.00	96
10585800.00	96
10594800.00	96
10603800.00	96
10612800.00	96
10621800.00	96
10630800.00	96
10639800.00	1E-10
10648800.00	96
10657800.00	96
10666800.00	96
10675800.00	96
10684800.00	96
10693800.00	96
10702800.00	192
10711800.00	96
10720800.00	1E-10
10729800.00	96
10738800.00	96
10747800.00	96
10756800.00	96
10765800.00	96
10774800.00	96
10783800.00	96
10792800.00	96
10801800.00	96
10810800.00	96
10819800.00	96
10828800.00	96
10837800.00	96
10846800.00	96
10855800.00	96
10864800.00	96
10873800.00	96
10882800.00	96
10891800.00	96
10900800.00	96
10909800.00	96
10918800.00	96
10927800.00	96
10936800.00	96
10945800.00	96
10954800.00	96
10963800.00	96
10972800.00	96
10981800.00	96
10990800.00	96
10999800.00	96
11008800.00	96
11017800.00	96
11026800.00	96
11035800.00	96
11044800.00	96
11053800.00	96
11062800.00	192
11071800.00	96
11080800.00	96
11089800.00	96
11098800.00	96
11107800.00	96
11116800.00	96
11125800.00	96
11134800.00	96
11143800.00	96
11152800.00	96
11161800.00	96
11170800.00	96
11179800.00	96
11188800.00	96
11197800.00	96
11206800.00	96
11215800.00	96
11224800.00	96
11233800.00	96
11242800.00	96
11251800.00	96
11260800.00	96
11269800.00	96
11278800.00	96
11287800.00	96
11296800.00	96
11305800.00	96
11314800.00	96
11323800.00	96
11332800.00	96
11341800.00	96
11350800.00	96
11359800.00	96
11368800.00	96
11377800.00	96
11386800.00	96
11395800.00	96
11404800.00	1E-10
11413800.00	96
11422800.00	96
11431800.00	96
11440800.00	96
11449800.00	96
11458800.00	96
11467800.00	96
11476800.00	96
11485800.00	96
11494800.00	96
11503800.00	96
11512800.00	96
11521800.00	96
11530800.00	96
11539800.00	96
11548800.00	96
11557800.00	96
11566800.00	96
11575800.00	96
11584800.00	96
11593800.00	96
11602800.00	96
11611800.00	96
11620800.00	96
11629800.00	96
11638800.00	96
11647800.00	96
11656800.00	96
11665800.00	96
11674800.00	96
11683800.00	96
11692800.00	96
11701800.00	96
11710800.00	96
11719800.00	96
11728800.00	96
11737800.00	96
11746800.00	96
11755800.00	96
11764800.00	96
11773800.00	96
11782800.00	1E-10
11791800.00	96
11800800.00	96
11809800.00	96
11818800.00	96
11827800.00	96
11836800.00	96
11845800.00	96
11854800.00	96
11863800.00	96
11872800.00	96
11881800.00	96
11890800.00	96
11899800.00	96
11908800.00	96
11917800.00	96
11926800.00	96
11935800.00	96
11944800.00	96
11953800.00	96
11962800.00	96
11971800.00	1E-10
11980800.00	96
11989800.00	1E-10
