#1	
float BMP_Qch4(571,5)
0	0	0	0	0
1	11.4	20.8	18.2	19.1
2	3.7	35.95	4.6	7.3
3	1.5	23.85	3.8	7.2
4	1.5	3.5	3.95	7.85
5	1.6	2.8	4.3	8.1
6	1.9	2.9	4.7	9.05
7	1.9	3.5	5.05	10.05
8	2	4.25	5.15	10.75
9	2.3	6.2	5.25	11.5
10	2.3	8.55	5.5	12.35
11	2.6	10.2	5.65	13.5
12	2.6	5.6	6	13.45
13	2.8	3.95	6.05	13.05
14	2.8	3.65	6.15	12.2
15	2.9	3.85	6.15	11.2
16	2.9	4.25	6.3	10.3
17	2.9	4.65	6.5	9.4
18	3.1	5.25	6.75	8.4
19	3.1	5.95	6.95	7.95
20	3.2	6.75	7	7.5
21	3.2	8.2	7.05	7.25
22	3.2	9.3	7.1	7.25
23	3.2	7.2	7.2	7.35
24	3.1	5.4	7.2	7.35
25	3.1	4.7	7.25	7.25
26	3	4.65	7.4	7.35
27	3	4.85	7.4	7.5
28	3	5.05	7.55	7.85
29	3	5.1	7.55	8.05
30	3	5.2	7.65	8.3
31	3	5.35	7.9	8.65
32	3	5.35	7.95	8.85
33	2.9	5.5	8	9.1
34	2.9	5.65	8.1	9.35
35	2.9	5.75	8.2	9.7
36	2.9	5.95	8.15	9.95
37	2.8	6.1	8.25	10.4
38	2.7	6.45	8.35	10.65
39	2.7	6.7	8.35	10.5
40	2.8	6.65	8.35	10.7
41	2.8	6.85	8.45	11.1
42	2.8	7.1	8.55	11.4
43	3.1	7.7	8.9	11.8
44	3.1	7.55	8.95	11.8
45	3.1	8	8.9	11.95
46	3	8.35	8.95	12
47	3	8.4	8.7	12.05
48	2.9	8.6	8.85	12.15
49	2.9	8.65	8.8	12.2
50	2.9	8.65	8.75	12.5
51	2.9	9.1	8.8	12.65
52	2.9	9.2	8.95	12.9
53	2.9	9.4	8.7	12.95
54	2.9	9.55	8.8	13.15
55	2.9	10	8.85	13.4
56	3	10.25	8.85	13.5
57	3	10.5	9	13.5
58	3	10.6	8.95	13.5
59	3	10.75	9.05	13.75
60	3	11.15	9.25	14.3
61	3.1	11.6	9.3	14.4
62	3.1	11.55	9.1	14.2
63	3.1	11.55	8.8	13.9
64	3.1	11.6	8.85	13.6
65	3.1	11.85	8.8	14.1
66	3.2	11.9	9.05	14.4
67	3.3	12.35	8.9	14.25
68	3.3	12.05	8.65	14.25
69	3.1	12.15	8.55	14.35
70	3.1	12.35	8.35	14.15
71	3.1	12.3	8.2	14.2
72	3	12.1	7.9	13.95
73	3	12.05	7.8	13.9
74	2.8	12.15	7.65	14
75	2.8	11.95	7.5	13.9
76	2.8	11.95	7.2	13.95
77	2.7	12.2	7.05	13.7
78	2.7	12.05	6.95	14.1
79	2.7	12.15	6.85	13.95
80	2.7	12.2	6.75	13.85
81	2.7	12.35	6.4	14.05
82	2.7	12.35	6.2	14.35
83	2.7	12.45	6.2	14.25
84	2.7	12.2	6.05	14.05
85	2.7	12.25	5.85	13.65
86	2.6	12.15	5.7	13.85
87	2.6	12.25	5.55	13.95
88	2.6	12.35	5.3	13.8
89	2.7	12.25	5.25	13.9
90	2.7	12.35	5.2	13.95
91	2.7	12.4	5.2	13.9
92	2.7	12.45	5.1	13.9
93	2.7	12.4	4.95	13.95
94	2.7	12.4	4.75	13.8
95	2.6	12.4	4.6	13.2
96	2.5	12.35	4.55	13.05
97	2.5	12.3	4.35	12.75
98	2.4	12.05	4.35	12.45
99	2.4	12.25	4.2	12.25
100	2.4	12.2	4.15	11.9
101	2.4	12.2	4.1	11.6
102	2.4	12.35	4.1	11.3
103	2.4	12.2	4	10.95
104	2.4	12.1	4	10.3
105	2.3	12.15	3.95	9.85
106	2.2	12.05	3.9	9.35
107	2.2	11.85	3.9	8.85
108	2.2	12.25	3.95	8.7
109	2.3	12.05	3.9	8.3
110	2.3	11.6	3.8	7.55
111	2.3	11.7	3.75	6.95
112	2.3	11.4	3.75	6.5
113	2.2	10.8	3.75	6.2
114	2.2	10.5	3.75	5.85
115	2.2	10.2	3.75	5.6
116	2.3	9.7	3.75	5.35
117	2.3	9.05	3.75	5.1
118	2.3	8.65	3.75	4.5
119	2.3	8.15	3.6	4.4
120	2.2	7.65	3.6	4.05
121	2.2	7.4	3.5	3.8
122	2.2	6.95	3.5	3.8
123	2.1	6.6	3.45	3.65
124	2.1	6.2	3.35	3.45
125	2.1	5.9	3.35	3.5
126	2.1	5.55	3.4	3.5
127	2.1	5.4	3.4	3.45
128	2	5.2	3.35	3.35
129	2	4.9	3.3	3.35
130	2	4.7	3.3	3.4
131	2.1	4.75	3.2	3.45
132	2.1	4.65	3.2	3.45
133	2.1	4.55	3.2	3.4
134	2.1	4.5	3.2	3.4
135	2	4.45	3.2	3.4
136	2	4.45	3.2	3.3
137	2	4.55	3.2	3.25
138	2	4.55	3.2	3.2
139	2.1	4.6	3.2	3.15
140	2.2	4.7	3.2	3.1
141	2.2	4.75	3.15	2.85
142	2.2	4.65	3.05	2.8
143	2	4.6	3	2.6
144	1.9	4.55	2.95	2.6
145	1.9	4.5	2.95	2.5
146	1.9	4.5	2.95	2.45
147	1.9	4.35	2.9	2.4
148	1.8	4.2	2.85	2.4
149	1.8	3.95	2.8	2.35
150	1.8	3.95	2.8	2.35
151	1.8	4	2.8	2.35
152	1.7	3.95	2.8	2.35
153	1.7	3.85	2.8	2.4
154	1.7	3.85	2.8	2.35
155	1.7	3.65	2.75	2.35
156	1.7	3.6	2.75	2.35
157	1.8	3.55	2.75	2.35
158	1.8	3.4	2.7	2.3
159	1.8	3.3	2.7	2.3
160	1.8	3.15	2.65	2.35
161	1.8	3.05	2.65	2.35
162	1.8	2.95	2.65	2.3
163	1.8	2.95	2.65	2.3
164	1.8	2.95	2.65	2.35
165	1.8	2.95	2.65	2.35
166	1.7	2.8	2.6	2.35
167	1.7	2.7	2.55	2.35
168	1.7	2.7	2.55	2.35
169	1.7	2.65	2.5	2.25
170	1.7	2.55	2.45	2.25
171	1.6	2.5	2.45	2.25
172	1.6	2.45	2.45	2.25
173	1.6	2.4	2.4	2.25
174	1.6	2.35	2.4	2.25
175	1.6	2.35	2.4	2.25
176	1.5	2.3	2.35	2.25
177	1.5	2.3	2.35	2.2
178	1.5	2.3	2.35	2.25
179	1.5	2.3	2.35	2.25
180	1.5	2.15	2.3	2.25
181	1.5	2.15	2.3	2.25
182	1.6	2.15	2.3	2.25
183	1.6	2.15	2.3	2.3
184	1.6	2.05	2.3	2.35
185	1.6	2.05	2.3	2.3
186	1.6	2.05	2.3	2.3
187	1.6	2.05	2.3	2.3
188	1.6	2.1	2.3	2.4
189	1.6	2.05	2.3	2.4
190	1.6	2.05	2.25	2.35
191	1.6	2	2.15	2.3
192	1.4	1.9	2.15	2.3
193	1.4	1.85	2.15	2.3
194	1.4	1.85	2.15	2.3
195	1.4	1.85	2.1	2.3
196	1.4	1.8	2.1	2.3
197	1.4	1.75	2.1	2.3
198	1.4	1.75	2.1	2.35
199	1.4	1.75	2.1	2.35
200	1.4	1.8	2.15	2.35
201	1.4	1.8	2.15	2.4
202	1.4	1.8	2.1	2.45
203	1.3	1.8	2.05	2.45
204	1.3	1.75	2.05	2.45
205	1.3	1.7	2.05	2.45
206	1.3	1.7	2	2.4
207	1.3	1.65	2	2.4
208	1.3	1.65	2	2.4
209	1.3	1.65	2	2.6
210	1.4	1.7	2.1	2.6
211	1.4	1.7	2.1	2.6
212	1.4	1.7	2.15	2.65
213	1.4	1.7	2.15	2.65
214	1.4	1.7	2.1	2.65
215	1.4	1.65	2.1	2.65
216	1.3	1.65	2.05	2.65
217	1.3	1.6	2.05	2.65
218	1.3	1.6	2	2.65
219	1.3	1.6	2	2.7
220	1.3	1.6	2	2.7
221	1.3	1.6	2	2.65
222	1.3	1.6	2	2.7
223	1.3	1.6	2	2.7
224	1.3	1.55	1.95	2.75
225	1.3	1.55	1.95	2.8
226	1.3	1.55	2	2.8
227	1.3	1.55	2	2.85
228	1.3	1.7	2.05	3.1
229	1.4	2	2.1	3.1
230	1.4	2.05	2.1	3
231	1.4	2.05	2.1	3
232	1.4	2	2.1	3
233	1.4	1.65	2.1	3.1
234	1.4	1.65	2.1	3.2
235	1.6	1.65	2.15	3.2
236	1.6	1.65	2.1	3.2
237	1.6	1.65	2.1	3.15
238	1.6	1.65	2.05	3.15
239	1.6	1.65	2.05	3.1
240	1.4	1.65	2	3.15
241	1.4	1.65	1.95	3.15
242	1.4	1.65	1.9	3.15
243	1.4	1.6	1.9	3.2
244	1.4	1.6	1.9	3.25
245	1.4	1.6	2.05	3.3
246	1.4	1.6	2.15	3.3
247	1.4	1.6	2.15	3.45
248	1.4	1.75	2.15	3.45
249	1.4	1.8	2.1	3.4
250	1.4	1.8	2.15	3.4
251	1.4	1.8	2.15	3.5
252	1.5	1.85	2.15	3.8
253	1.6	2	2.3	3.9
254	1.6	2.05	2.35	3.9
255	1.6	2.05	2.35	4
256	1.6	2.1	2.4	4.05
257	1.8	2.25	2.65	4.2
258	2	2.3	2.65	4.3
259	2	2.3	2.65	4.35
260	2	2.45	2.8	4.5
261	2	2.6	2.85	4.5
262	2.1	2.6	2.9	4.65
263	2.1	2.6	3	4.7
264	2.1	2.7	3	4.5
265	2.1	2.75	3.05	4.5
266	2	2.8	3.1	4.5
267	2	2.75	3.1	4.5
268	2	2.75	2.85	4.25
269	1.4	2.3	2.5	3.55
270	0.1	1.95	2.35	3.3
271	0.1	1.7	1.4	2.95
272	0.1	1.7	1.25	2.15
273	0.1	1.65	0.65	1.8
274	0.1	0.95	0.65	1.8
275	0.1	0.5	0.65	1.7
276	0.1	0.15	0.65	1.1
277	0.1	0.15	0.65	1.1
278	0.1	0.15	0.65	1.1
279	0.1	0.15	0.65	1.1
280	0.1	0.15	0.65	1.1
281	0.1	0.15	0.65	1.15
282	0.1	0.15	1.15	1.45
283	0.1	0.15	1.15	1.6
284	0.1	0.15	1.15	1.6
285	0.1	0.15	1.2	1.6
286	0.1	0.15	1.2	1.65
287	0.1	0.15	0.95	1.65
288	0.1	0.15	0.95	1.6
289	0.1	0.15	0.95	1.4
290	0.1	0.15	0.95	1.35
291	0.1	0.15	0.95	1.35
292	0.1	0.15	0.95	1.35
293	0.1	0.15	0.95	1.35
294	0.1	0.15	0.9	1.3
295	0.1	0.15	0.7	1.3
296	0.1	0.15	0.65	1.3
297	0.1	0.15	0.65	1.25
298	0.1	0.15	0.65	1.15
299	0.1	0.15	0.65	1.15
300	0.1	0.15	0.65	1.15
301	0.1	0.15	0.65	1.15
302	0.1	0.15	0.65	1.2
303	0.1	0.15	0.65	1.4
304	0.1	0.15	0.65	1.4
305	0.1	0.15	0.65	1.4
306	0.1	0.15	0.65	1.45
307	0.1	0.15	0.85	1.55
308	0.1	0.15	1.05	1.55
309	0.1	0.15	1.1	1.55
310	0.1	0.15	1.1	1.5
311	0.1	0.15	1.1	1.5
312	0.1	0.15	1.1	1.4
313	0.1	0.15	1	1.35
314	0.1	0.2	0.85	1.25
315	0.1	0.2	0.85	1.2
316	0.1	0.2	0.85	1.2
317	0.1	0.2	0.75	1.2
318	0.1	0.2	0.7	1.2
319	0.1	0.2	0.7	1.2
320	0.1	0.2	0.7	1.2
321	0.1	0.2	0.7	1.2
322	0.1	0.2	0.7	1.2
323	0.1	0.2	0.7	1.25
324	0.1	0.2	0.75	1.3
325	0.1	0.2	0.8	1.4
326	0.1	0.2	0.8	1.45
327	0.1	0.2	0.8	1.4
328	0.1	0.2	0.8	1.35
329	0.1	0.2	0.8	1.35
330	0.1	0.2	0.85	1.35
331	0.1	0.2	1	1.35
332	0.1	0.2	1	1.4
333	0.1	0.2	1.05	1.4
334	0.1	0.2	1.05	1.4
335	0.1	0.2	1.05	1.4
336	0.1	0.2	1.05	1.35
337	0.1	0.2	1.05	1.3
338	0.1	0.3	1.05	1.3
339	0.1	0.3	0.9	1.3
340	0.1	0.3	0.8	1.3
341	0.1	0.3	0.8	1.15
342	0.1	0.3	0.8	1.15
343	0.1	0.3	0.8	1.15
344	0.1	0.3	0.8	1.1
345	0.1	0.3	0.8	1.05
346	0.1	0.3	0.8	1.05
347	0.1	0.3	0.8	1.05
348	0.1	0.3	0.8	1.05
349	0.1	0.3	0.85	1.05
350	0.1	0.3	0.85	1.05
351	0.1	0.3	0.95	1.05
352	0.1	0.3	0.95	1.05
353	0.1	0.3	0.95	1
354	0.1	0.3	0.95	0.95
355	0.1	0.3	0.95	1.05
356	0.1	0.3	0.95	1.1
357	0.2	0.3	0.95	1.1
358	0.2	0.3	0.95	1.1
359	0.2	0.3	0.95	1.1
360	0.2	0.3	0.85	1.05
361	0.2	0.3	0.85	1.05
362	0.2	0.3	0.85	1.05
363	0.2	0.3	0.85	1.05
364	0.2	0.25	0.85	0.95
365	0.2	0.25	0.75	0.9
366	0.2	0.2	0.65	0.9
367	0.2	0.2	0.65	0.75
368	0.2	0.2	0.65	0.7
369	0.2	0.2	0.65	0.7
370	0.2	0.2	0.65	0.7
371	0.2	0.2	0.6	0.7
372	0.2	0.2	0.55	0.7
373	0.2	0.2	0.55	0.7
374	0.2	0.2	0.55	0.7
375	0.2	0.2	0.55	0.7
376	0.2	0.2	0.55	0.7
377	0.2	0.2	0.55	0.7
378	0.2	0.2	0.55	0.7
379	0.2	0.2	0.55	0.7
380	0.2	0.2	0.55	0.7
381	0.2	0.2	0.55	0.7
382	0.2	0.2	0.55	0.7
383	0.2	0.2	0.55	0.7
384	0.2	0.2	0.55	0.7
385	0.2	0.2	0.55	0.7
386	0.2	0.2	0.55	0.7
387	0.2	0.2	0.55	0.7
388	0.2	0.2	0.6	0.65
389	0.2	0.2	0.65	0.65
390	0.2	0.2	0.65	0.65
391	0.2	0.2	0.65	0.55
392	0.2	0.2	0.65	0.55
393	0.2	0.2	0.6	0.55
394	0.2	0.2	0.5	0.55
395	0.2	0.2	0.5	0.55
396	0.2	0.2	0.5	0.55
397	0.2	0.2	0.5	0.55
398	0.2	0.2	0.5	0.55
399	0.2	0.2	0.5	0.55
400	0.2	0.2	0.5	0.7
401	0.2	0.7	1.3	0.9
402	0.2	1.6	1.3	0.9
403	0.3	1.6	1.3	0.9
404	0.4	1.6	1.05	0.9
405	0.4	1.6	0.7	0.9
406	0.4	1.15	0.7	0.9
407	0.4	0.75	0.7	0.5
408	0.4	0.45	0.7	0.5
409	0.4	0.45	0.7	0.5
410	0.4	0.45	0.7	0.5
411	0.4	0.45	0.7	0.5
412	0.4	0.45	0.6	0.5
413	0.4	0.45	0.55	0.5
414	0.4	0.45	0.55	0.5
415	0.4	0.45	0.55	0.5
416	0.4	0.45	0.55	0.5
417	0.4	0.45	0.55	0.5
418	0.4	0.45	0.55	0.5
419	0.4	0.45	0.55	0.5
420	0.4	0.45	0.55	0.55
421	0.4	0.45	0.55	0.55
422	0.4	0.45	0.55	0.55
423	0.4	0.5	0.65	0.55
424	0.4	0.5	0.75	0.55
425	0.4	0.5	0.75	0.55
426	0.3	0.5	0.75	0.55
427	0.3	0.55	0.75	0.55
428	0.3	0.55	0.75	0.55
429	0.3	0.55	0.75	0.55
430	0.3	0.55	0.75	0.5
431	0.3	0.55	0.75	0.5
432	0.3	0.55	0.75	0.55
433	0.3	0.55	0.6	0.55
434	0.3	0.55	0.6	0.55
435	0.3	0.55	0.6	0.55
436	0.3	0.55	0.6	0.55
437	0.3	0.5	0.6	0.55
438	0.3	0.5	0.65	0.55
439	0.3	0.5	0.65	0.55
440	0.3	0.5	0.65	0.55
441	0.3	0.5	0.65	0.55
442	0.3	0.5	0.65	0.55
443	0.3	0.5	0.65	0.55
444	0.3	0.5	0.65	0.6
445	0.3	0.55	0.65	0.6
446	0.3	0.55	0.65	0.6
447	0.3	0.55	0.65	0.6
448	0.3	0.55	0.65	0.6
449	0.3	0.55	0.75	0.6
450	0.3	0.55	1	0.6
451	0.3	0.55	1	0.6
452	0.3	0.6	1	0.6
453	0.3	0.6	1	0.6
454	0.3	0.6	1	0.6
455	0.3	0.6	0.95	0.6
456	0.3	0.6	0.9	0.65
457	0.3	0.6	0.9	0.65
458	0.3	0.6	0.9	0.65
459	0.2	0.55	0.9	0.65
460	0.2	0.55	0.9	0.65
461	0.2	0.55	0.9	0.65
462	0.2	0.55	0.9	0.65
463	0.2	0.55	0.75	0.65
464	0.2	0.55	0.75	0.65
465	0.2	0.6	0.75	0.7
466	0.2	0.6	0.75	0.7
467	0.2	0.6	0.75	0.7
468	0.2	0.6	0.75	0.7
469	0.2	0.6	0.75	0.7
470	0.2	0.6	0.75	0.7
471	0.2	0.6	0.75	0.7
472	0.2	0.6	0.75	0.7
473	0.2	0.6	0.75	0.7
474	0.2	0.6	0.8	0.75
475	0.2	0.6	0.8	0.75
476	0.2	0.6	0.8	0.75
477	0.2	0.6	0.8	0.75
478	0.2	0.55	0.8	0.75
479	0.2	0.55	0.8	0.75
480	0.2	0.55	0.8	0.75
481	0.2	0.55	0.8	0.75
482	0.2	0.55	0.7	0.75
483	0.2	0.55	0.65	0.75
484	0.2	0.55	0.65	0.7
485	0.2	0.55	0.65	0.65
486	0.2	0.55	0.65	0.65
487	0.2	0.55	0.7	0.75
488	0.2	0.55	0.7	0.75
489	0.2	0.55	0.7	0.75
490	0.2	0.55	0.7	0.75
491	0.2	0.55	0.7	0.75
492	0.2	0.5	0.7	0.75
493	0.2	0.5	0.7	0.75
494	0.2	0.5	0.7	0.75
495	0.2	0.5	0.7	0.75
496	0.2	0.5	0.7	0.75
497	0.2	0.5	0.55	0.65
498	0.2	0.5	0.35	0.5
499	0.2	0.5	0.35	0.5
500	0.2	0.5	0.35	0.5
501	0.2	0.5	0.35	0.5
502	0.2	0.5	0.35	0.5
503	0.2	0.5	0.35	0.5
504	0.2	0.5	0.35	0.5
505	0.2	0.5	0.35	0.5
506	0.2	0.5	0.35	0.5
507	0.2	0.5	0.35	0.5
508	0.2	0.5	0.35	0.5
509	0.2	0.5	0.35	0.5
510	0.2	0.5	0.35	0.5
511	0.2	0.5	0.35	0.5
512	0.2	0.5	0.35	0.5
513	0.2	0.5	0.35	0.5
514	0.2	0.5	0.35	0.5
515	0.2	0.5	0.35	0.5
516	0.2	0.5	0.35	0.5
517	0.2	0.5	0.35	0.5
518	0.2	0.5	0.35	0.5
519	0.2	0.5	0.35	0.5
520	0.2	0.5	0.35	0.65
521	0.2	0.5	0.35	0.65
522	0.2	0.5	0.45	0.65
523	0.2	0.5	0.45	0.65
524	0.2	0.5	0.5	0.65
525	0.2	0.5	0.5	0.65
526	0.2	0.5	0.5	0.65
527	0.2	0.55	0.5	0.6
528	0.2	0.55	0.5	0.6
529	0.2	0.55	0.5	0.6
530	0.2	0.55	0.5	0.6
531	0.2	0.55	0.5	0.6
532	0.2	0.55	0.5	0.6
533	0.2	0.55	0.5	0.6
534	0.2	0.55	0.5	0.6
535	0.2	0.55	0.5	0.6
536	0.2	0.55	0.5	0.6
537	0.2	0.55	0.5	0.6
538	0.2	0.55	0.5	0.6
539	0.2	0.55	0.5	0.6
540	0.2	0.55	0.5	0.6
541	0.2	0.55	0.5	0.6
542	0.2	0.55	0.5	0.6
543	0.2	0.6	0.5	0.6
544	0.2	0.6	0.5	0.6
545	0.2	0.6	0.5	0.8
546	0.2	0.6	0.5	0.85
547	0.2	0.6	0.6	0.85
548	0.2	0.6	0.6	0.85
549	0.2	0.6	0.6	0.85
550	0.2	0.6	0.6	0.85
551	0.2	0.6	0.6	0.85
552	0.4	0.6	0.6	0.85
553	0.4	0.6	0.6	0.85
554	0.4	0.6	0.6	0.8
555	0.4	0.6	0.6	0.8
556	0.4	0.6	0.6	0.8
557	0.4	0.6	0.6	0.75
558	0.4	0.6	0.6	0.75
559	0.4	0.6	0.6	0.75
560	0.4	0.6	0.6	0.75
561	0.4	0.6	0.6	0.75
562	0.4	0.6	0.55	0.75
563	0.4	0.6	0.55	0.85
564	0.4	0.6	0.55	0.85
565	0.4	0.6	0.55	0.85
566	0.4	0.6	0.55	0.85
567	0.4	0.7	0.5	0.85
568	0.4	0.8	0.5	0.85
569	0.4	0.8	0.5	0.85
570	0.4	0.8	0.5	0.95

