#1	
float Flowrates(461,2)
0.0000000	0.0000000
975600.0000000	50.0000000
1477800.0000000	100.0000000
1960200.0000000	0.0000000
2093400.0000000	100.0000000
2246400.0000000	80.0000000
2419200.0000000	66.0000000
2704800.0000000	100.0000000
3542400.0000000	115.0000000
3816000.0000000	90.0000000
4441500.0000000	115.0000000
4671000.0000000	15.0000000
4753800.0000000	100.0000000
4856400.0000000	100.0000000
4942800.0000000	100.0000000
5029200.0000000	100.0000000
5115600.0000000	100.0000000
5202000.0000000	100.0000000
5288400.0000000	100.0000000
5374800.0000000	100.0000000
5461200.0000000	100.0000000
5547600.0000000	100.0000000
5634000.0000000	100.0000000
5720400.0000000	100.0000000
5752800.0000000	100.0000000
5806800.0000000	1.0000000
5817600.0000000	64.6725000
5828400.0000000	1.0000000
5839200.0000000	1.0000000
5850000.0000000	1.0000000
5860800.0000000	197.8460000
5871600.0000000	129.5480000
5882400.0000000	1.0000000
5893200.0000000	1.0000000
5904000.0000000	93.9212000
5914800.0000000	110.9200000
5925600.0000000	122.5310000
5936400.0000000	143.6750000
5947200.0000000	115.6030000
5958000.0000000	141.2380000
5968800.0000000	1.0000000
5979600.0000000	1.0000000
5990400.0000000	83.6556000
6001200.0000000	1.0000000
6012000.0000000	1.0000000
6022800.0000000	185.2420000
6033600.0000000	132.9080000
6044400.0000000	119.9170000
6055200.0000000	1.0000000
6066000.0000000	15.7834000
6076800.0000000	102.2020000
6087600.0000000	125.9760000
6098400.0000000	114.2990000
6109200.0000000	145.0840000
6120000.0000000	102.5130000
6130800.0000000	153.2220000
6141600.0000000	1.0000000
6152400.0000000	1.0000000
6163200.0000000	93.5139000
6174000.0000000	131.2700000
6228000.0000000	1.0000000
6238800.0000000	1.0000000
6249600.0000000	1.0000000
6260400.0000000	1.0000000
6271200.0000000	180.8690000
6282000.0000000	129.3610000
6292800.0000000	130.4570000
6303600.0000000	120.2980000
6314400.0000000	1.0000000
6325200.0000000	1.0000000
6336000.0000000	66.1652000
6346800.0000000	137.8910000
6357600.0000000	149.4190000
6368400.0000000	103.8170000
6379200.0000000	134.6860000
6390000.0000000	125.9440000
6400800.0000000	1.0000000
6411600.0000000	1.0000000
6422400.0000000	98.7007000
6433200.0000000	144.4130000
6444000.0000000	144.4130000
6454800.0000000	115.4020000
6465600.0000000	152.8700000
6476400.0000000	116.5370000
6487200.0000000	1.0000000
6498000.0000000	1.0000000
6508800.0000000	86.4494000
6519600.0000000	117.2000000
6530400.0000000	137.9000000
6541200.0000000	113.2000000
6552000.0000000	135.0000000
6562800.0000000	111.4000000
6573600.0000000	1.0000000
6584400.0000000	1.0000000
6595200.0000000	88.7000000
6606000.0000000	121.0000000
6616800.0000000	144.2000000
6627600.0000000	119.5000000
6638400.0000000	150.0000000
6649200.0000000	114.3000000
6660000.0000000	1.0000000
6670800.0000000	1.0000000
6681600.0000000	91.4000000
6692400.0000000	147.2000000
6703200.0000000	130.8000000
6714000.0000000	128.0000000
6724800.0000000	104.4000000
6735600.0000000	150.1000000
6746400.0000000	1.0000000
6757200.0000000	1.0000000
6768000.0000000	100.3000000
6778800.0000000	146.0000000
6789600.0000000	114.0000000
6800400.0000000	147.8000000
6811200.0000000	88.9000000
6822000.0000000	143.7000000
6832800.0000000	1.0000000
6843600.0000000	1.0000000
6854400.0000000	75.8000000
6865200.0000000	130.4000000
6876000.0000000	103.8000000
6886800.0000000	140.5000000
6897600.0000000	120.9000000
6908400.0000000	158.8000000
6919200.0000000	1.0000000
6930000.0000000	1.0000000
6940800.0000000	1.0000000
6951600.0000000	1.0000000
6962400.0000000	191.5000000
6973200.0000000	144.4000000
6984000.0000000	145.3000000
6994800.0000000	126.8000000
7005600.0000000	1.0000000
7016400.0000000	1.0000000
7027200.0000000	1.0000000
7038000.0000000	135.6000000
7048800.0000000	129.6000000
7059600.0000000	94.1000000
7070400.0000000	140.9000000
7081200.0000000	120.0000000
7092000.0000000	1.0000000
7102800.0000000	1.0000000
7113600.0000000	55.3000000
7124400.0000000	1.0000000
7135200.0000000	1.0000000
7146000.0000000	188.9000000
7156800.0000000	134.3000000
7167600.0000000	116.4000000
7178400.0000000	1.0000000
7189200.0000000	1.0000000
7200000.0000000	1.0000000
7210800.0000000	1.0000000
7221600.0000000	178.0000000
7232400.0000000	161.1000000
7243200.0000000	138.6000000
7254000.0000000	136.1000000
7264800.0000000	1.0000000
7275600.0000000	1.0000000
7286400.0000000	99.0000000
7297200.0000000	149.4000000
7308000.0000000	137.1000000
7318800.0000000	122.3000000
7329600.0000000	175.2000000
7340400.0000000	137.1000000
7351200.0000000	1.0000000
7362000.0000000	1.0000000
7372800.0000000	1.0000000
7383600.0000000	167.8000000
7394400.0000000	166.4000000
7405200.0000000	162.5000000
7416000.0000000	154.9000000
7426800.0000000	143.4000000
7437600.0000000	1.0000000
7448400.0000000	1.0000000
7459200.0000000	136.3000000
7470000.0000000	168.3000000
7480800.0000000	140.4000000
7491600.0000000	141.5000000
7502400.0000000	139.5000000
7513200.0000000	154.4000000
7524000.0000000	1.0000000
7534800.0000000	1.0000000
7545600.0000000	1.0000000
7556400.0000000	1.0000000
7567200.0000000	198.0000000
7578000.0000000	150.0000000
7588800.0000000	140.2000000
7599600.0000000	141.5000000
7610400.0000000	1.0000000
7621200.0000000	1.0000000
7632000.0000000	1.0000000
7642800.0000000	1.0000000
7653600.0000000	206.2000000
7664400.0000000	172.9000000
7675200.0000000	153.8000000
7686000.0000000	153.4000000
7696800.0000000	1.0000000
7707600.0000000	1.0000000
7718400.0000000	1.0000000
7729200.0000000	1.0000000
7740000.0000000	206.3000000
7750800.0000000	173.9000000
7761600.0000000	147.5000000
7772400.0000000	142.0000000
7783200.0000000	1.0000000
7794000.0000000	1.0000000
7804800.0000000	1.0000000
7815600.0000000	1.0000000
7826400.0000000	1.0000000
7837200.0000000	217.8000000
7848000.0000000	172.2000000
7858800.0000000	146.6000000
7869600.0000000	1.0000000
7880400.0000000	1.0000000
7891200.0000000	1.0000000
7902000.0000000	1.0000000
7912800.0000000	204.6000000
7923600.0000000	160.7000000
7934400.0000000	161.1000000
7945200.0000000	151.5000000
7956000.0000000	1.0000000
7966800.0000000	1.0000000
7977600.0000000	1.0000000
7988400.0000000	1.0000000
7999200.0000000	208.3000000
8010000.0000000	182.7000000
8020800.0000000	131.3000000
8031600.0000000	142.7000000
8042400.0000000	1.0000000
8053200.0000000	1.0000000
8064000.0000000	1.0000000
8074800.0000000	1.0000000
8085600.0000000	1.0000000
8096400.0000000	243.6000000
8107200.0000000	163.8000000
8118000.0000000	178.4000000
8128800.0000000	1.0000000
8139600.0000000	1.0000000
8150400.0000000	1.0000000
8161200.0000000	1.0000000
8172000.0000000	1.0000000
8182800.0000000	258.7000000
8193600.0000000	181.9000000
8204400.0000000	175.8000000
8215200.0000000	151.4000000
8226000.0000000	1.0000000
8236800.0000000	1.0000000
8247600.0000000	1.0000000
8258400.0000000	223.3000000
8269200.0000000	175.4000000
8280000.0000000	163.9000000
8290800.0000000	154.9000000
8301600.0000000	1.0000000
8312400.0000000	28.3000000
8323200.0000000	1.0000000
8334000.0000000	1.0000000
8344800.0000000	234.1000000
8355600.0000000	169.1000000
8366400.0000000	173.2000000
8377200.0000000	169.5000000
8388000.0000000	1.0000000
8398800.0000000	1.0000000
8409600.0000000	1.0000000
8420400.0000000	207.2000000
8431200.0000000	181.2000000
8442000.0000000	124.7000000
8452800.0000000	185.2000000
8463600.0000000	145.2000000
8474400.0000000	1.0000000
8485200.0000000	25.2000000
8496000.0000000	1.0000000
8506800.0000000	1.0000000
8517600.0000000	233.1000000
8528400.0000000	167.7000000
8539200.0000000	147.3000000
8550000.0000000	171.2000000
8560800.0000000	1.0000000
8571600.0000000	1.0000000
8582400.0000000	1.0000000
8593200.0000000	1.0000000
8604000.0000000	231.5000000
8614800.0000000	200.0000000
8625600.0000000	152.4000000
8636400.0000000	152.8000000
8647200.0000000	1.0000000
8658000.0000000	16.6000000
8668800.0000000	161.7000000
8679600.0000000	162.5000000
8690400.0000000	143.0000000
8701200.0000000	136.9000000
8712000.0000000	144.4000000
8722800.0000000	160.0000000
8733600.0000000	1.0000000
8744400.0000000	1.0000000
8755200.0000000	1.0000000
8766000.0000000	1.0000000
8776800.0000000	210.4000000
8787600.0000000	154.3000000
8798400.0000000	146.5000000
8809200.0000000	155.2000000
8820000.0000000	1.0000000
8830800.0000000	1.0000000
8841600.0000000	1.0000000
8852400.0000000	195.9000000
8863200.0000000	129.2000000
8874000.0000000	113.8000000
8884800.0000000	175.5000000
8895600.0000000	133.2000000
8906400.0000000	1.0000000
8917200.0000000	1.0000000
8928000.0000000	1.0000000
8938800.0000000	1.0000000
8949600.0000000	210.6000000
8960400.0000000	152.1000000
8971200.0000000	131.5000000
8982000.0000000	148.1000000
8992800.0000000	1.0000000
9003600.0000000	1.0000000
9014400.0000000	1.0000000
9025200.0000000	208.2000000
9036000.0000000	165.7000000
9046800.0000000	116.1000000
9057600.0000000	185.9000000
9068400.0000000	113.8000000
9079200.0000000	1.0000000
9090000.0000000	11.7000000
9100800.0000000	1.0000000
9111600.0000000	1.0000000
9122400.0000000	214.4000000
9133200.0000000	165.2000000
9144000.0000000	127.9000000
9154800.0000000	142.0000000
9165600.0000000	1.0000000
9176400.0000000	1.0000000
9187200.0000000	1.0000000
9198000.0000000	226.9000000
9208800.0000000	117.7000000
9219600.0000000	155.5000000
9230400.0000000	127.8000000
9241200.0000000	140.8000000
9252000.0000000	1.0000000
9262800.0000000	6.2000000
9273600.0000000	1.0000000
9284400.0000000	1.0000000
9295200.0000000	211.1000000
9306000.0000000	132.0000000
9316800.0000000	109.5000000
9327600.0000000	160.1000000
9338400.0000000	134.3000000
9349200.0000000	1.0000000
9360000.0000000	1.0000000
9370800.0000000	1.0000000
9381600.0000000	100.4000000
9392400.0000000	150.3000000
9403200.0000000	80.5000000
9414000.0000000	94.3000000
9424800.0000000	142.8000000
9435600.0000000	110.0000000
9446400.0000000	99.1000000
9457200.0000000	121.2000000
9468000.0000000	164.8000000
9478800.0000000	122.6000000
9489600.0000000	169.5000000
9500400.0000000	139.4000000
9511200.0000000	65.9000000
9522000.0000000	1.0000000
9532800.0000000	1.0000000
9543600.0000000	1.0000000
9554400.0000000	146.4000000
9565200.0000000	116.8000000
9576000.0000000	119.3000000
9586800.0000000	143.0000000
9597600.0000000	118.3000000
9608400.0000000	132.7000000
9619200.0000000	176.0000000
9630000.0000000	147.6000000
9640800.0000000	139.4000000
9651600.0000000	137.4000000
9662400.0000000	138.9000000
9673200.0000000	149.0000000
9684000.0000000	1.0000000
9694800.0000000	1.0000000
9705600.0000000	1.0000000
9716400.0000000	1.0000000
9727200.0000000	141.9000000
9738000.0000000	112.8000000
9748800.0000000	128.9000000
9759600.0000000	122.7000000
9770400.0000000	140.3000000
9781200.0000000	86.8000000
9792000.0000000	158.1000000
9802800.0000000	113.9000000
9813600.0000000	153.6000000
9824400.0000000	137.3000000
9835200.0000000	123.4000000
9846000.0000000	185.3000000
9856800.0000000	1.0000000
9867600.0000000	1.0000000
9878400.0000000	1.0000000
9889200.0000000	1.0000000
9900000.0000000	143.7000000
9910800.0000000	88.0000000
9921600.0000000	110.9000000
9932400.0000000	114.8000000
9943200.0000000	121.8000000
9954000.0000000	114.7000000
9964800.0000000	199.5000000
9975600.0000000	113.2000000
9986400.0000000	150.2000000
9997200.0000000	140.7000000
10008000.0000000	130.7000000
10018800.0000000	172.5000000
10029600.0000000	1.0000000
10040400.0000000	1.0000000
10051200.0000000	1.0000000
10062000.0000000	117.3000000
10072800.0000000	154.4000000
10083600.0000000	70.7000000
10094400.0000000	164.5000000
10105200.0000000	125.9000000
10116000.0000000	138.0000000
10126800.0000000	120.0000000
10137600.0000000	158.8000000
10148400.0000000	165.4000000
10159200.0000000	135.3000000
10170000.0000000	144.1000000
10180800.0000000	116.3000000
10191600.0000000	189.2000000
10202400.0000000	172.6000000
10213200.0000000	350.8000000
10224000.0000000	400.0000000
10234800.0000000	400.0000000
10245600.0000000	400.0000000
10256400.0000000	400.0000000
10267200.0000000	400.0000000
10278000.0000000	400.0000000
10288800.0000000	400.0000000
10299600.0000000	400.0000000
10310400.0000000	400.0000000
10321200.0000000	400.0000000
10332000.0000000	400.0000000
10342800.0000000	400.0000000
10353600.0000000	400.0000000
10364400.0000000	400.0000000
10375200.0000000	400.0000000
10386000.0000000	400.0000000
10396800.0000000	400.0000000
10407600.0000000	400.0000000
10418400.0000000	400.0000000
10429200.0000000	400.0000000
10440000.0000000	400.0000000
10450800.0000000	400.0000000
10461600.0000000	400.0000000
10472400.0000000	400.0000000
10483200.0000000	400.0000000
10494000.0000000	400.0000000
10504800.0000000	400.0000000
10515600.0000000	400.0000000
10526400.0000000	400.0000000
10537200.0000000	400.0000000
10548000.0000000	400.0000000
